271 994
540 553
621 722
696 855
252 411
4 894
775 483
485 523
693 118
790 912
536 815
997 416
721 422
389 838
925 308
764 284
123 396
922 554
904 17
943 464
621 22
759 136
423 696
464 951
486 564
347 994
539 220
960 439
193 280
620 481
143 958
843 322
295 999
102 503
374 328
268 93
969 312
951 760
844 616
793 714
904 685
162 555
235 163
148 618
922 17
582 79
505 745
965 93
899 355
491 603
970 692
992 68
625 889
650 566
334 55
120 127
619 359
591 213
660 338
271 691
612 587
29 893
983 252
984 774
517 728
958 554
11 303
712 176
474 79
479 978
323 382
731 109
379 198
346 5
904 497
812 298
9 211
583 617
217 784
218 251
290 732
695 639
55 988
275 112
26 822
351 458
427 490
856 744
133 276
726 125
216 246
320 340
58 840
832 319
965 765
784 690
13 160
877 289
532 652
134 928
692 970
987 970
805 213
248 276
343 927
326 203
291 800
37 268
329 117
205 922
790 218
865 155
761 90
927 343
340 339
732 941
418 677
805 823
590 567
184 831
700 51
22 35
844 995
79 54
840 470
32 755
947 474
36 219
171 564
392 935
266 832
718 266
183 133
775 833
577 986
673 667
600 613
999 295
983 930
543 165
453 399
167 657
721 759
98 878
742 15
233 45
858 568
292 658
573 767
404 52
560 130
224 824
746 213
489 324
534 650
388 992
138 203
57 505
168 958
647 318
354 589
561 953
307 577
569 406
551 802
403 82
481 822
80 69
5 138
384 613
521 356
743 907
961 381
549 559
472 205
513 585
640 709
437 529
521 70
748 961
880 329
273 125
57 663
912 483
839 184
624 989
771 424
663 142
390 897
979 314
946 17
486 990
900 610
685 500
5 770
118 693
301 491
429 54
845 750
296 757
616 958
819 707
159 98
487 337
470 669
770 5
20 740
440 992
702 984
166 878
667 951
63 518
345 805
555 694
922 363
23 576
449 775
980 549
516 839
846 458
135 411
200 301
493 344
259 800
591 419
920 102
388 964
3 842
872 383
686 589
509 686
517 929
988 653
793 393
6 430
66 349
964 422
247 399
105 626
323 455
824 224
401 369
365 64
829 593
812 641
394 550
808 692
4 953
346 654
436 268
316 874
725 386
47 234
673 303
445 443
502 180
66 944
910 223
986 577
643 288
840 850
697 899
245 79
843 310
117 5
729 387
790 130
499 381
118 657
376 496
746 710
486 85
378 578
609 198
239 391
866 751
577 608
922 173
529 773
969 206
456 23
918 145
667 915
487 714
93 847
385 190
591 240
793 41
42 995
353 738
390 425
175 793
270 755
15 564
492 967
794 645
392 605
450 463
220 741
567 265
522 154
265 179
391 567
398 369
237 823
399 216
259 941
441 978
636 387
548 729
510 836
949 411
53 214
825 165
80 156
962 22
160 4
865 833
574 955
411 949
716 152
458 376
131 163
867 109
192 947
692 832
248 394
72 728
448 203
770 824
22 149
359 108
383 378
406 167
139 344
359 253
558 37
337 487
10 455
118 620
63 713
250 668
272 342
92 79
845 519
257 38
196 61
127 583
738 552
141 765
849 366
833 865
633 439
101 201
525 599
128 450
440 468
768 18
273 596
507 125
878 92
899 697
109 114
703 160
618 904
284 18
406 549
338 807
639 695
341 464
550 172
109 148
715 239
933 828
960 758
984 252
455 313
39 574
44 868
209 855
669 643
302 340
855 696
853 343
505 57
986 680
683 760
334 596
338 363
653 992
84 123
909 118
734 213
862 430
993 461
858 965
240 536
291 1
62 944
107 729
721 613
37 847
25 143
318 516
641 469
974 83
450 311
604 212
755 32
401 618
826 189
495 330
17 922
298 901
711 539
109 453
100 152
85 300
114 300
243 688
781 570
967 211
809 817
437 528
597 306
854 195
271 409
682 464
765 877
277 717
657 167
88 60
577 456
246 221
630 119
888 658
11 639
891 537
610 483
832 937
373 327
211 20
799 383
339 203
874 316
129 281
810 880
371 346
850 325
641 742
400 852
862 676
24 736
775 791
818 310
141 547
219 783
989 319
870 98
409 859
301 797
874 97
68 56
695 77
879 272
719 891
978 195
708 488
232 289
710 522
759 943
261 448
487 788
660 250
57 427
704 718
405 993
413 54
803 658
767 685
676 620
592 879
20 136
129 999
521 421
925 155
915 157
354 449
937 582
403 478
706 157
198 609
645 46
481 563
104 326
673 445
986 812
532 496
381 806
199 73
668 240
43 741
796 61
484 561
643 402
237 295
118 42
744 645
451 933
51 31
967 469
653 838
948 390
217 436
861 995
511 62
24 768
114 788
230 658
856 29
913 938
514 447
236 263
218 790
681 406
59 262
871 415
729 386
143 890
516 480
58 722
537 759
316 286
727 828
283 591
654 626
32 717
175 597
361 355
552 20
387 573
651 472
634 368
779 751
339 340
512 930
515 313
607 583
563 549
547 232
379 752
492 945
382 485
383 564
59 962
578 814
651 134
600 606
50 515
272 521
770 264
183 381
408 121
599 693
581 858
699 771
483 620
279 959
488 54
287 592
698 457
427 85
820 932
821 397
34 977
308 240
759 721
726 282
708 881
837 915
747 797
696 857
308 103
432 572
132 309
544 669
177 840
808 770
237 88
751 802
38 139
437 694
263 798
441 540
226 794
795 957
134 521
763 97
448 256
51 349
285 915
198 476
679 359
493 784
588 931
365 470
496 395
583 88
714 793
877 315
491 384
701 13
369 620
247 583
620 483
773 529
114 824
67 862
26 217
248 361
102 324
79 92
939 983
120 931
407 725
192 495
157 659
145 991
612 791
663 373
82 50
943 741
548 171
189 915
831 580
867 919
589 402
988 929
93 707
538 880
68 903
729 971
262 995
825 885
272 787
834 765
780 763
233 738
164 932
698 348
20 320
596 935
125 933
184 73
717 225
185 496
938 222
775 449
561 637
693 72
270 187
181 868
130 790
682 219
242 338
604 676
203 69
22 667
113 199
955 946
756 799
562 900
597 285
783 232
951 794
574 39
597 142
52 789
758 435
744 733
363 153
259 98
615 623
136 759
118 909
912 264
236 312
606 118
568 585
435 466
757 155
106 879
419 70
989 56
131 858
922 115
249 797
177 8
378 635
932 392
552 492
20 706
93 916
594 859
166 832
372 93
713 63
456 80
901 872
721 612
742 434
928 986
46 645
393 577
690 680
275 722
572 580
239 13
119 555
48 488
836 81
107 919
362 728
777 901
685 884
869 23
688 216
263 418
803 761
215 997
630 972
403 231
613 18
775 263
531 739
824 343
181 934
369 398
99 741
263 576
901 462
190 31
941 829
800 831
319 889
674 856
786 894
77 695
441 747
647 623
991 216
791 608
482 440
299 530
798 632
326 361
916 995
921 831
703 421
249 268
142 367
680 690
844 381
408 789
126 597
961 808
100 684
625 507
329 134
58 588
193 631
999 129
178 485
982 945
490 403
514 331
455 979
611 905
649 676
944 564
338 223
603 873
748 278
701 648
50 826
234 47
79 133
334 450
162 307
658 716
974 146
851 325
281 359
547 92
968 487
945 777
309 418
664 847
488 219
436 859
345 487
739 531
955 574
997 215
86 926
309 245
682 881
756 514
481 848
596 991
820 231
521 134
721 302
501 526
302 721
109 57
312 933
596 701
833 261
317 428
298 152
856 674
85 176
69 731
242 493
959 978
873 661
517 500
592 315
758 328
762 903
450 529
472 457
736 790
575 531
670 829
156 675
108 164
164 150
643 179
754 626
292 419
408 736
946 160
892 740
72 525
89 753
415 295
268 436
723 878
541 673
545 678
140 126
639 130
914 533
643 81
880 819
143 837
573 240
580 572
746 708
396 423
442 229
577 614
339 343
291 472
951 36
111 699
520 706
101 497
896 433
236 964
55 384
816 248
563 597
858 591
557 79
927 877
675 156
949 805
850 874
392 558
525 898
77 59
962 451
545 361
636 302
513 971
436 942
509 688
971 531
471 263
366 43
850 652
686 734
964 388
837 914
858 131
34 833
88 522
251 86
837 803
990 559
313 383
100 849
380 417
933 949
39 310
132 84
999 517
838 653
711 145
481 312
282 827
347 999
188 417
800 291
697 782
771 115
495 553
434 771
93 30
225 142
685 314
174 193
837 143
490 122
92 474
55 198
609 224
554 675
594 884
407 581
712 759
404 829
438 20
585 425
766 104
897 101
479 569
651 50
524 316
928 669
907 396
589 354
238 304
319 17
332 156
224 637
890 850
194 861
808 961
328 523
517 999
646 21
578 759
100 23
66 387
878 98
626 203
425 288
413 287
267 745
626 90
57 813
682 216
117 613
687 553
812 986
320 312
302 632
235 695
142 225
273 918
184 279
919 507
815 314
970 305
597 126
700 377
810 489
995 815
245 148
355 460
782 851
749 740
505 424
89 553
932 171
678 435
150 120
300 941
230 298
568 569
58 651
745 563
102 240
606 800
617 521
581 110
362 916
92 45
992 99
716 858
723 354
903 30
391 970
915 564
589 437
551 616
202 799
337 124
980 738
954 901
646 983
480 516
410 883
893 240
768 65
200 387
682 523
719 564
958 852
81 384
150 881
759 747
229 792
473 366
74 859
988 603
682 922
208 13
150 992
885 973
907 743
105 411
143 25
872 179
263 720
138 955
156 11
294 953
887 26
429 734
30 903
491 301
808 505
540 976
799 805
563 369
216 68
749 422
843 33
364 68
316 167
52 665
416 757
719 483
277 572
460 710
100 685
283 327
411 266
69 314
213 906
801 646
112 275
791 39
41 793
616 643
466 278
980 108
800 474
69 203
362 327
879 862
71 621
623 960
607 335
240 695
775 627
278 969
351 653
46 85
525 72
303 622
549 322
914 577
789 435
159 111
509 246
277 240
6 982
978 415
483 775
559 654
10 413
25 79
858 761
124 531
33 596
702 942
370 431
444 758
927 251
881 825
24 384
79 474
297 908
353 564
693 602
822 118
384 24
152 100
445 673
465 163
393 862
287 638
20 27
989 624
668 671
768 45
24 205
152 258
298 980
119 300
795 693
856 901
88 559
133 183
179 265
950 534
226 999
991 76
611 488
710 492
322 549
430 340
240 102
725 225
66 574
774 984
611 198
961 779
469 532
552 248
749 684
623 887
535 465
518 769
207 128
942 461
598 563
116 334
652 226
525 108
468 451
328 374
685 358
832 806
997 596
712 732
486 219
604 346
879 592
477 444
263 33
598 908
272 508
680 265
862 529
756 60
45 233
908 297
21 384
149 187
831 435
375 535
585 285
586 558
239 68
686 509
963 152
738 980
109 361
642 750
220 518
406 835
513 891
69 924
169 974
123 19
860 884
131 390
838 627
753 9
97 557
331 255
155 397
563 312
527 157
161 540
0 670
577 148
342 588
473 915
511 79
878 989
24 798
95 413
849 790
596 5
72 953
805 799
878 831
883 595
576 121
500 1
88 387
20 552
537 322
847 37
137 844
410 344
637 561
589 686
576 263
791 418
419 283
295 436
153 363
447 329
395 482
159 325
384 81
737 357
2 640
671 190
402 589
205 24
464 158
484 81
945 673
30 93
180 362
436 796
20 211
21 646
25 579
262 880
618 322
530 736
837 996
789 641
848 451
976 136
25 748
433 899
488 306
868 29
501 596
530 386
19 123
682 217
185 359
761 704
868 236
108 297
414 760
53 344
181 659
757 692
616 236
981 956
639 688
182 979
53 457
95 66
924 428
122 236
848 926
231 275
730 414
53 747
592 403
574 263
387 443
197 272
790 367
974 760
847 362
361 543
549 220
288 643
25 336
413 713
275 792
480 106
62 804
982 885
917 314
224 111
83 164
12 344
837 499
548 122
361 458
150 458
564 944
609 493
699 111
779 23
431 872
824 652
771 699
216 892
822 26
0 77
181 130
807 338
21 297
846 140
750 360
492 552
509 646
901 298
168 930
741 43
570 837
882 243
946 788
531 850
768 352
915 243
284 450
913 502
643 669
0 905
725 377
584 599
255 718
242 455
344 395
311 729
882 695
667 289
79 557
305 544
74 367
807 581
486 752
994 63
874 537
415 333
677 58
936 124
258 152
884 594
994 174
520 891
444 179
429 161
643 119
862 393
992 947
581 303
528 437
267 347
693 997
193 742
822 523
746 750
732 828
605 42
664 516
846 300
44 286
137 533
944 483
162 416
3 656
814 680
676 649
646 801
495 405
872 724
138 24
927 792
54 156
203 626
467 969
107 770
181 23
261 239
394 448
953 87
517 830
114 109
759 383
564 383
751 779
950 612
351 505
65 768
299 338
13 544
933 927
592 31
852 545
92 878
203 15
375 261
57 582
652 607
943 424
50 265
88 108
1 843
579 726
605 586
92 547
844 754
79 807
939 718
153 929
796 845
943 142
763 386
748 86
69 285
966 37
608 577
130 435
539 21
300 999
84 958
784 924
287 251
254 362
150 33
586 107
59 249
314 822
799 237
337 264
107 674
626 654
298 629
480 368
997 821
335 946
798 318
676 862
162 452
876 758
236 853
81 156
102 874
788 487
609 646
935 336
427 57
906 86
121 860
531 575
253 359
132 530
134 192
462 717
416 293
741 99
264 889
319 989
820 854
721 255
276 896
406 819
7 624
216 449
413 313
815 450
66 95
80 303
406 541
460 331
853 236
928 29
303 143
503 295
322 356
639 671
880 262
22 621
984 228
99 251
925 593
584 845
71 129
728 152
66 515
813 609
785 192
736 530
98 259
795 280
84 833
383 759
240 591
573 387
849 567
261 833
505 605
326 541
185 607
129 503
410 456
304 123
31 504
824 770
244 301
512 687
769 48
719 828
505 808
487 968
826 50
862 812
63 137
483 397
141 987
545 267
447 191
450 241
17 946
533 282
460 58
631 459
583 612
18 284
844 144
347 488
481 926
703 95
857 299
687 555
526 879
973 598
406 569
799 946
156 80
322 328
264 337
359 712
222 64
403 614
979 455
653 826
322 618
341 318
697 590
654 156
287 413
658 803
456 663
918 273
709 372
508 859
343 922
225 63
692 757
715 700
735 561
666 456
44 420
31 190
505 648
658 596
236 616
184 947
847 56
153 36
978 441
573 536
139 38
323 773
124 632
234 232
513 373
681 943
741 743
319 337
102 931
819 825
140 580
586 532
290 57
620 676
57 290
312 481
310 188
168 645
99 955
893 29
827 371
977 34
128 418
33 123
364 627
272 897
57 109
151 719
26 996
117 805
299 472
739 982
521 367
902 796
498 888
327 415
268 591
930 572
750 165
470 365
553 687
199 97
97 763
424 341
69 629
597 175
156 811
307 433
87 861
516 91
444 110
731 982
326 14
904 780
762 64
36 951
648 305
467 21
164 83
904 618
213 746
842 218
482 733
124 958
162 735
92 412
59 77
645 846
29 621
126 103
427 830
16 919
76 543
849 281
618 86
823 805
370 143
580 46
4 610
422 721
224 584
320 823
328 758
111 213
495 362
243 453
759 713
815 715
172 959
833 591
263 528
998 631
752 665
198 699
773 323
649 333
722 621
281 849
542 275
446 388
195 644
803 837
436 154
646 509
145 248
915 492
60 397
994 271
85 46
178 832
236 206
934 139
903 984
613 600
213 842
801 582
607 126
2 421
990 29
311 450
297 368
822 613
273 408
684 638
650 826
79 245
228 657
408 304
158 764
179 643
864 393
609 74
332 695
914 837
889 923
102 920
563 598
125 89
642 859
205 481
371 969
85 827
915 622
147 472
142 605
868 773
354 671
859 74
56 781
54 488
664 76
403 32
811 239
336 13
651 838
232 78
730 981
915 189
458 560
973 335
315 877
725 734
919 754
27 442
355 25
962 19
835 259
859 409
778 673
499 883
406 653
722 770
726 986
359 679
341 424
237 263
350 62
829 451
502 149
360 750
490 677
616 575
657 99
878 995
348 698
165 860
867 334
302 31
361 545
783 596
594 593
376 418
396 503
681 263
192 372
67 608
690 463
184 920
617 530
547 315
106 41
306 599
721 636
546 609
380 719
768 683
224 931
168 539
315 348
443 387
25 182
992 440
903 68
742 244
210 285
889 544
417 157
471 454
436 879
7 800
603 399
492 710
829 833
722 275
219 311
997 236
228 47
329 880
493 61
846 963
260 482
734 608
790 950
368 297
275 231
104 371
806 172
355 130
156 81
655 441
596 615
406 681
942 702
529 491
640 908
108 88
771 434
867 285
758 38
64 222
299 857
504 789
122 460
244 991
35 348
974 617
408 586
101 707
943 822
927 349
701 864
63 667
580 631
157 706
306 488
510 152
442 152
323 887
288 978
988 99
888 55
193 939
732 120
399 603
400 523
205 472
280 977
461 942
281 312
923 889
564 801
985 780
759 966
586 612
931 291
717 462
152 442
603 491
873 865
764 158
271 32
935 121
890 740
835 189
772 682
890 599
816 606
377 632
69 850
569 122
915 98
511 717
330 654
80 345
904 241
816 557
212 686
191 447
414 730
454 807
497 256
117 759
621 71
327 188
545 963
195 854
967 492
236 122
109 772
356 675
514 549
576 790
995 844
154 436
639 261
491 221
942 436
71 622
936 13
296 876
23 779
733 482
383 313
628 712
98 699
231 842
92 12
872 568
215 310
63 994
154 522
103 541
430 695
768 770
432 856
389 262
600 869
216 858
918 715
354 760
946 980
876 961
133 914
759 712
372 736
566 360
843 565
354 474
273 672
518 414
593 479
449 103
877 927
682 159
588 37
995 61
244 706
265 567
737 583
175 141
622 606
456 577
808 246
292 431
338 413
266 718
819 406
605 505
495 529
574 428
64 437
211 70
598 566
780 475
782 697
225 102
250 531
328 377
241 904
719 151
153 114
546 747
767 187
732 770
225 320
872 901
653 406
570 340
788 643
202 624
139 97
237 638
498 362
172 239
941 300
910 773
819 880
146 974
533 34
953 294
828 994
216 822
968 229
160 973
90 130
366 47
829 941
422 333
446 71
121 956
546 113
851 782
801 37
565 4
503 3
821 170
470 456
592 110
898 933
632 671
407 473
873 603
86 152
565 181
90 343
847 863
230 887
448 261
420 939
692 223
165 121
937 208
740 739
710 463
22 845
903 844
317 799
947 184
396 146
348 699
187 767
938 605
213 591
657 499
54 589
512 869
608 734
737 958
476 134
188 882
943 898
221 246
304 238
832 692
376 240
620 563
732 149
310 39
205 307
440 764
396 907
826 48
419 634
580 103
565 725
512 463
252 208
358 637
33 492
111 159
670 112
835 51
807 137
433 896
986 92
911 159
221 801
990 636
995 262
319 832
473 48
367 596
282 726
378 383
70 601
783 70
753 89
887 50
302 636
449 216
51 188
770 722
238 594
407 195
924 431
32 223
360 700
364 92
593 594
339 870
853 480
322 616
285 660
847 710
248 428
624 7
921 497
653 26
487 68
718 704
37 309
232 783
362 254
418 700
201 52
511 467
980 298
654 559
235 277
131 750
466 227
34 511
201 278
55 87
478 842
962 754
214 623
876 824
971 864
497 921
828 571
450 305
341 600
68 992
24 70
210 401
163 541
993 734
958 856
152 298
155 925
234 682
835 188
87 283
665 541
498 886
359 955
160 211
553 540
706 34
497 263
960 697
481 666
613 721
338 660
450 518
786 428
38 257
331 265
575 762
31 600
213 805
819 12
35 541
169 455
840 652
396 90
221 491
50 213
782 674
917 633
573 231
81 745
500 213
139 265
486 928
966 478
839 612
614 428
723 183
750 860
205 665
3 503
907 157
432 123
16 890
269 616
555 687
276 452
931 224
396 621
736 24
936 586
336 374
730 554
694 129
452 276
592 583
148 109
594 493
211 967
752 957
200 340
898 525
3 947
431 623
285 69
811 133
439 732
149 502
542 119
925 149
121 935
989 878
242 181
595 651
617 327
413 338
472 914
358 871
848 29
762 575
134 404
483 50
212 604
627 651
853 213
618 970
825 364
564 15
985 231
265 903
486 659
326 104
352 659
499 548
654 346
253 621
878 948
349 58
538 307
334 662
469 641
770 222
316 276
802 751
54 640
135 833
115 771
775 881
626 653
842 478
850 69
654 769
474 448
647 89
975 636
479 593
362 541
150 834
7 847
265 180
461 296
426 129
797 398
372 709
256 448
169 929
379 16
769 518
191 353
359 963
251 218
490 894
640 277
824 114
458 272
557 816
136 20
307 205
678 972
795 800
744 856
216 145
251 312
329 406
934 181
402 346
277 670
259 511
633 704
334 929
464 943
65 444
710 460
494 895
425 788
959 723
687 197
62 722
163 377
491 164
793 722
417 742
898 111
793 835
889 234
762 344
799 317
738 449
558 44
413 515
141 532
344 672
306 597
936 996
975 397
68 239
492 915
71 996
833 969
278 582
300 10
746 86
124 710
50 545
180 592
310 215
704 622
957 884
124 309
641 115
516 917
333 479
464 146
449 738
854 643
4 548
929 169
932 820
904 505
740 253
996 71
281 670
643 788
952 485
455 242
539 711
119 129
173 974
9 949
742 641
714 754
549 563
790 807
517 21
848 884
852 612
377 700
411 918
222 436
810 176
652 659
852 971
765 834
917 785
83 767
363 159
236 423
536 719
832 166
45 583
544 234
969 371
456 666
2 282
118 822
455 997
261 896
727 781
802 676
770 134
844 795
64 365
943 929
733 13
435 758
962 977
262 389
727 595
413 999
768 538
789 380
534 49
974 184
757 296
723 504
176 85
603 606
452 162
381 4
823 941
290 197
98 870
962 755
285 350
430 665
608 39
685 989
279 908
927 800
72 484
314 289
133 811
704 761
232 234
613 28
685 767
108 980
713 718
316 649
333 293
5 3
941 823
520 340
812 548
545 231
434 350
416 957
308 379
666 853
8 23
963 545
530 132
565 285
285 597
532 586
353 455
199 896
813 900
300 729
343 853
126 607
404 719
867 315
799 582
835 793
451 748
430 142
473 745
130 90
463 450
728 881
490 44
742 374
504 384
999 413
90 761
702 960
922 192
599 584
266 876
488 916
439 795
222 665
637 358
324 73
382 323
591 149
708 471
567 396
189 838
363 991
590 70
384 908
845 187
543 308
673 778
54 259
81 487
963 961
711 615
181 900
695 526
627 364
596 997
741 220
464 376
933 522
825 145
118 400
928 134
977 975
796 389
726 66
622 915
770 744
41 444
226 992
152 963
887 501
251 287
406 343
905 404
58 776
22 935
739 435
302 151
801 564
970 197
843 337
880 75
886 81
84 75
781 27
196 525
412 578
567 526
473 596
255 34
404 594
738 216
25 355
754 846
213 651
699 348
737 1
202 668
884 848
315 87
137 859
419 149
37 558
665 205
974 833
405 74
903 191
888 2
245 651
779 373
775 880
724 872
710 847
171 645
922 343
564 884
380 789
896 294
348 315
651 12
543 10
719 725
295 237
349 927
82 762
964 236
695 332
128 510
238 393
313 54
459 492
893 292
39 462
155 757
618 525
531 910
181 777
613 822
998 880
824 115
623 365
777 387
482 395
522 710
416 997
71 95
143 370
562 618
924 69
216 146
624 831
790 634
758 430
740 749
942 673
49 534
387 66
72 704
878 998
53 771
572 277
577 393
268 86
232 789
871 440
12 83
340 320
268 37
970 987
261 828
406 191
852 475
823 170
736 372
130 181
335 892
343 321
549 406
547 141
662 334
977 280
458 927
499 157
944 62
764 919
581 807
929 334
488 138
850 840
121 892
198 996
416 470
676 604
437 64
122 706
543 268
786 627
180 405
238 135
811 93
761 858
575 12
982 6
113 111
313 413
688 639
854 76
255 721
860 853
218 482
411 105
319 544
748 982
812 871
298 493
544 13
193 209
196 784
503 436
623 615
843 59
511 921
151 216
743 546
317 176
781 321
305 648
536 720
496 317
723 959
942 415
268 122
469 727
81 643
338 242
747 82
92 261
534 212
899 313
115 988
336 991
707 736
597 700
770 54
83 171
340 570
110 592
976 670
828 727
46 652
626 722
127 611
699 98
483 719
105 65
806 801
988 924
104 775
599 890
102 822
29 856
285 462
750 642
237 981
698 25
366 139
354 723
87 55
217 601
825 922
648 701
104 37
327 373
699 558
902 129
618 562
492 459
42 118
415 871
969 833
790 849
460 312
652 850
337 579
527 50
251 133
276 666
744 770
134 712
895 549
373 779
400 369
424 119
499 989
596 501
259 54
562 645
135 667
421 278
274 632
870 990
889 71
140 81
398 681
93 47
611 910
687 365
562 118
770 107
456 405
572 35
296 766
474 601
823 146
992 150
612 839
334 116
604 402
107 586
589 450
953 414
111 898
538 768
867 980
78 232
561 242
390 228
138 5
578 535
38 901
264 834
119 298
161 462
806 446
739 617
726 353
873 979
69 930
214 53
108 584
881 456
75 273
989 925
26 887
958 84
597 508
636 86
749 209
496 185
649 83
49 783
179 444
62 331
317 22
416 841
821 998
198 379
97 628
448 474
628 875
611 127
540 161
585 536
32 904
921 574
903 762
672 344
733 289
71 446
328 414
165 821
97 199
867 423
151 486
723 887
338 299
481 96
528 263
446 806
213 537
880 810
308 771
810 717
723 228
103 126
336 935
906 543
33 921
675 470
242 561
206 236
599 623
618 148
859 642
860 121
864 124
206 31
685 2
561 60
12 492
755 962
59 843
404 6
478 915
51 971
37 912
906 83
431 924
747 759
295 125
119 409
63 225
980 919
379 308
659 486
952 348
181 118
312 251
609 635
685 710
626 222
885 911
228 390
229 939
470 463
555 119
39 350
463 690
530 299
296 461
611 300
846 645
403 371
249 499
856 645
714 559
145 216
293 416
424 273
260 191
13 801
549 895
456 898
950 790
743 569
636 975
861 942
904 889
444 18
925 989
213 987
490 304
386 919
459 631
61 279
887 623
504 876
272 18
421 703
44 558
822 581
490 466
384 491
754 883
629 69
404 998
671 864
879 525
435 668
754 962
684 749
831 878
444 598
27 550
802 608
361 464
2 888
854 820
393 557
84 556
224 935
745 267
229 442
301 861
929 476
396 567
471 109
704 608
584 22
113 546
55 643
276 220
229 156
693 269
864 981
96 591
561 907
727 98
637 224
794 819
587 612
436 56
795 627
248 900
959 172
32 389
117 622
530 271
520 265
227 115
869 512
130 560
964 955
952 803
537 891
628 828
652 540
529 495
144 779
539 178
938 685
672 273
653 902
70 24
786 361
790 353
115 641
39 791
667 22
188 51
474 800
667 135
151 302
577 261
789 408
348 952
754 919
616 844
905 879
847 7
633 143
64 670
672 989
949 723
931 120
658 736
514 48
129 71
722 62
854 963
46 764
430 671
162 9
944 219
15 740
534 640
720 434
828 933
396 825
219 486
906 250
707 93
86 906
450 46
622 296
640 2
843 525
471 708
536 83
885 982
564 353
290 758
925 464
806 381
769 588
751 866
687 714
83 974
482 449
19 266
296 389
169 153
523 682
271 480
406 329
8 232
688 890
355 307
164 491
398 797
493 609
421 388
614 871
47 62
486 746
675 993
568 271
397 155
93 268
118 993
687 14
340 411
468 208
919 107
494 932
614 577
519 982
59 354
314 685
596 59
766 751
70 294
844 825
240 573
701 640
118 562
641 765
895 350
823 237
628 379
828 261
524 14
393 532
64 762
955 138
137 543
465 506
484 418
228 984
799 21
290 231
881 899
219 36
402 636
285 465
105 205
424 875
890 802
959 433
815 865
564 551
158 208
220 569
95 703
935 392
885 825
211 806
855 209
713 744
769 654
879 223
773 334
217 854
470 416
57 253
796 272
265 456
178 539
13 602
657 574
125 726
659 24
364 882
381 844
493 914
556 624
575 468
136 123
544 360
543 906
599 306
674 999
809 788
916 536
80 456
869 600
835 584
434 211
821 997
574 231
832 450
776 58
213 853
528 602
526 501
451 829
468 133
344 139
991 363
575 616
931 756
308 925
206 416
409 194
339 1
908 156
340 302
247 664
304 408
876 296
943 773
754 844
226 405
174 173
712 628
912 118
306 477
434 742
823 320
475 510
148 456
244 49
392 922
546 743
488 611
883 410
824 876
34 290
110 521
404 144
59 989
480 374
461 993
315 311
962 646
261 521
993 863
98 812
614 56
48 473
11 175
449 618
784 493
50 651
932 573
940 224
341 541
509 727
989 685
314 487
820 941
953 4
834 769
181 998
518 495
761 956
293 333
213 422
234 899
915 414
848 139
351 104
341 450
643 616
381 961
368 480
507 919
492 65
592 287
403 592
450 589
195 786
587 20
74 417
350 434
745 940
100 669
93 372
663 200
810 396
390 948
516 318
148 654
663 57
760 414
79 950
139 453
638 387
710 124
457 234
222 938
649 740
675 356
361 326
75 644
757 416
408 273
135 166
175 737
845 573
628 435
42 826
409 873
606 622
21 60
833 974
229 441
987 325
493 500
266 4
732 439
876 871
916 190
863 847
37 947
404 394
232 241
342 362
803 708
769 468
133 837
674 107
512 114
199 452
309 132
919 847
595 727
9 216
209 368
15 470
109 471
627 294
534 950
612 1
207 751
316 966
691 690
826 739
919 386
482 429
995 121
43 548
65 492
360 672
161 561
843 61
832 266
743 429
430 6
643 243
918 299
131 935
457 53
844 903
866 843
978 288
448 975
163 116
330 495
168 478
387 636
116 163
813 3
371 102
500 770
409 837
814 804
671 101
230 159
509 972
665 52
261 577
637 304
286 44
989 499
37 966
774 257
8 992
189 831
281 428
617 956
470 840
306 809
417 188
111 78
594 404
556 984
522 88
704 875
462 527
708 803
911 334
859 137
215 877
976 107
756 567
468 575
33 238
164 848
610 736
664 312
241 67
152 716
941 820
928 381
621 288
783 49
52 45
43 866
388 446
317 496
156 946
854 217
32 128
35 803
92 816
878 723
0 686
250 68
378 113
203 326
4 381
468 98
982 748
232 945
598 444
343 967
87 953
883 754
771 34
936 99
666 276
554 958
74 219
700 123
993 487
331 760
705 427
210 779
433 40
328 322
435 678
499 283
15 775
888 489
135 238
513 314
737 196
615 223
564 915
505 904
736 28
48 62
693 418
767 625
660 285
418 128
401 802
220 276
987 141
24 55
647 113
189 835
229 66
211 971
285 464
676 519
172 806
321 484
707 171
450 128
18 444
241 269
81 484
402 942
185 454
811 22
996 26
764 46
285 867
87 315
659 170
829 614
99 409
496 187
683 225
193 125
66 229
564 100
857 150
715 208
668 202
725 407
303 97
485 846
142 161
734 351
271 455
644 99
716 254
939 537
433 392
734 494
478 168
541 406
726 658
231 336
60 88
245 84
652 436
321 620
800 399
128 760
719 380
23 181
268 60
371 403
188 875
444 477
338 184
482 520
619 73
13 336
816 403
124 984
983 537
568 872
10 441
984 903
366 871
775 19
746 129
690 617
932 574
916 155
203 646
37 926
591 283
811 967
318 341
161 142
470 880
772 954
864 971
194 846
216 682
752 812
459 382
721 103
753 342
54 413
315 867
33 150
997 468
707 306
618 923
40 549
243 882
835 406
29 499
86 268
360 566
198 458
92 841
326 287
843 899
610 906
825 396
421 121
278 466
905 292
265 709
39 527
325 878
539 168
142 479
291 931
164 179
923 166
468 265
899 433
740 861
853 666
504 221
412 976
987 664
947 349
788 991
736 408
761 59
447 514
28 736
466 105
912 83
954 434
288 972
115 227
352 255
41 644
686 212
300 119
599 525
471 254
516 883
685 100
10 300
896 261
471 111
312 460
37 801
42 605
591 334
29 881
926 481
450 294
485 159
509 777
826 61
208 252
877 542
234 544
73 998
989 688
591 620
831 189
195 407
582 801
397 975
470 15
574 657
613 117
855 152
930 305
223 338
208 937
262 650
48 514
103 996
837 782
75 475
592 79
959 831
878 325
130 927
554 391
574 66
652 824
179 502
531 250
183 567
863 177
444 65
100 547
312 563
627 786
207 290
889 319
339 986
838 384
89 647
930 983
697 960
61 313
144 43
918 411
499 657
596 33
231 126
827 863
10 543
728 776
714 487
145 544
789 279
258 752
278 759
999 347
474 354
92 213
208 442
671 245
582 464
215 153
426 400
979 580
103 580
15 742
253 439
615 489
414 768
56 860
290 274
237 867
811 156
284 308
655 807
731 69
414 915
424 943
850 589
996 103
579 25
797 227
531 971
203 138
482 479
190 916
217 26
15 203
915 473
75 84
203 27
425 37
960 702
389 898
545 852
877 215
956 682
829 404
995 916
282 969
911 690
917 817
946 291
5 596
122 490
913 955
736 610
680 986
41 768
456 265
349 66
701 813
170 823
49 398
451 526
126 140
680 248
1 291
382 101
386 494
758 960
906 713
889 791
663 695
866 545
676 802
936 591
557 97
667 673
889 625
819 794
806 832
823 802
684 100
99 988
500 517
397 821
414 237
223 615
911 316
347 267
882 188
869 386
262 816
983 414
186 630
963 850
700 775
294 240
114 500
394 554
34 533
991 145
316 911
640 701
56 436
521 110
722 793
942 542
265 680
285 565
294 813
425 914
522 512
762 909
874 835
981 237
450 615
588 769
240 927
593 925
960 440
689 734
529 437
35 572
967 351
496 376
903 759
995 878
396 123
770 808
623 894
218 797
240 893
687 157
163 465
918 67
631 560
625 767
935 772
19 962
884 860
645 794
760 354
318 798
945 240
548 43
187 149
813 57
63 558
319 432
784 193
604 450
453 442
861 301
516 664
522 477
823 913
898 456
572 663
348 422
383 799
833 770
190 385
944 229
711 801
648 745
775 321
9 162
12 819
261 92
760 619
963 846
564 347
29 208
753 294
146 396
844 251
682 234
632 677
706 244
668 265
561 735
545 50
695 780
4 897
612 254
378 212
22 613
973 571
812 895
448 394
875 501
947 992
566 650
536 585
773 868
243 915
451 906
196 847
729 88
914 333
93 370
314 513
403 816
62 727
361 554
107 58
809 306
45 768
102 371
373 260
879 526
992 226
352 1
932 494
917 414
828 719
314 69
940 785
581 1
374 769
234 252
0 348
495 247
963 321
160 658
664 866
718 213
780 904
836 96
603 279
750 746
721 928
209 84
416 490
788 114
555 281
759 537
673 822
964 339
678 545
237 783
85 427
251 927
933 637
679 73
455 233
590 348
792 275
134 454
281 786
924 784
30 759
677 632
848 218
227 231
389 796
251 253
821 825
222 302
463 512
195 978
181 523
402 296
79 592
890 143
283 87
122 245
397 483
143 707
183 566
536 677
661 898
134 770
355 361
692 808
469 497
792 894
446 899
511 251
813 701
409 271
446 786
948 752
535 16
766 758
213 734
861 194
918 11
701 889
560 627
137 774
387 638
337 319
27 519
642 248
955 99
296 548
371 104
979 873
335 973
546 412
598 973
328 917
515 395
789 232
231 573
569 598
931 347
73 679
555 615
827 282
702 666
263 262
485 178
219 74
501 876
798 24
399 247
24 251
209 193
690 784
267 545
622 303
445 998
640 436
463 710
891 139
375 26
431 292
894 786
213 92
877 69
159 922
588 56
204 817
973 626
156 908
925 719
967 84
494 734
98 159
123 304
623 647
801 547
931 588
198 61
571 693
148 866
899 234
884 564
594 750
957 416
952 544
610 4
738 49
294 627
101 671
671 519
378 704
165 750
979 182
983 646
1 290
326 947
79 25
604 328
508 597
163 18
1 339
861 87
166 923
922 205
103 308
159 230
953 561
949 933
417 380
626 754
201 389
236 874
747 638
231 545
34 255
197 593
483 636
745 81
751 207
871 614
379 300
413 10
60 833
336 25
29 90
109 268
807 79
332 45
646 203
460 122
636 483
661 518
403 490
321 181
477 522
956 617
61 843
977 962
13 936
790 736
424 313
756 858
938 959
236 198
833 60
565 493
108 8
250 201
395 598
511 34
22 811
97 874
279 184
407 852
84 967
66 726
913 823
201 101
473 712
236 650
576 23
432 319
892 989
508 522
895 494
503 956
966 316
131 671
334 442
137 862
758 946
376 108
709 86
608 791
704 378
121 408
214 719
656 509
703 537
559 549
484 321
512 732
395 496
159 363
483 523
323 82
750 719
968 157
759 903
958 568
393 864
149 419
391 554
266 321
234 605
834 796
489 553
916 362
203 887
405 747
892 121
251 99
535 869
347 564
111 471
307 162
342 777
18 211
825 289
991 244
900 181
574 932
621 119
734 686
192 785
216 151
325 987
182 892
666 569
4 160
248 552
908 974
506 224
700 360
390 792
616 551
598 395
585 568
197 290
622 637
52 603
149 591
847 664
870 523
840 714
550 377
633 917
837 227
425 585
257 128
314 979
426 777
903 265
248 83
652 15
129 462
516 750
301 200
638 243
177 506
440 532
76 712
267 201
517 697
845 796
292 620
863 827
831 473
430 758
15 652
567 499
128 32
724 734
363 922
707 101
603 52
881 682
823 523
792 229
518 63
649 316
264 798
601 539
583 607
13 701
530 617
109 468
844 137
475 726
4 832
541 103
869 298
981 864
891 238
670 277
238 891
78 736
377 725
713 903
692 11
308 284
881 246
812 860
27 188
744 713
457 472
352 738
61 198
430 5
624 62
891 520
362 342
442 334
444 272
248 145
173 174
948 864
804 16
135 886
600 341
103 130
510 128
607 626
809 463
866 680
387 609
63 528
462 39
73 324
328 7
148 370
244 411
813 0
300 85
745 346
694 269
508 272
400 515
976 546
223 879
722 58
922 392
279 789
160 703
747 405
604 58
125 25
57 297
368 818
202 770
681 807
384 55
100 329
300 379
358 641
747 546
507 345
368 897
916 93
646 962
777 945
501 875
570 216
54 313
994 828
259 835
298 999
946 955
428 614
266 281
289 232
271 40
521 261
890 748
190 184
449 482
431 694
39 397
133 88
356 279
485 629
142 942
238 791
958 12
194 457
60 482
223 86
333 914
248 642
47 228
657 880
910 34
834 264
985 140
485 952
880 470
74 405
143 550
244 613
978 959
283 419
374 480
982 739
468 109
568 275
644 936
196 535
956 121
154 47
871 366
636 721
148 577
170 821
853 592
747 53
396 439
474 947
456 410
656 3
680 137
96 80
483 816
279 603
858 716
693 653
90 626
491 529
97 378
943 673
625 908
685 938
449 898
289 825
402 632
133 760
850 890
669 470
33 316
752 948
342 294
358 685
630 949
635 609
879 106
389 32
780 695
824 383
254 716
517 804
575 242
647 673
315 856
177 863
476 929
882 924
70 521
859 436
578 468
972 252
386 763
804 517
986 928
273 75
361 786
875 408
400 338
558 607
835 874
305 715
122 268
435 489
899 86
349 51
634 419
511 259
409 119
269 675
842 231
789 476
923 618
818 380
984 620
548 85
340 520
159 52
76 854
296 622
564 963
107 668
915 667
456 148
954 255
275 568
963 359
547 100
732 56
695 164
182 25
718 255
632 124
119 630
742 193
305 450
125 193
984 825
381 183
882 508
402 604
205 105
225 683
669 442
85 691
655 635
822 216
773 396
168 981
298 812
85 548
108 907
864 957
134 329
372 716
981 730
32 271
470 81
0 813
850 531
621 340
146 394
882 787
518 269
83 906
869 535
947 885
472 147
181 565
463 991
852 958
541 341
191 588
231 403
350 39
620 321
584 887
677 134
326 60
857 770
17 187
373 224
892 796
822 943
239 715
831 951
541 665
748 451
70 211
550 713
240 746
996 837
758 876
478 564
154 150
245 343
776 534
728 815
947 463
435 739
241 940
606 816
760 128
227 837
35 22
144 383
516 751
295 472
774 511
300 114
708 375
512 522
710 685
831 587
569 568
72 96
950 79
246 808
959 279
873 82
327 617
134 11
544 889
732 290
695 430
881 728
440 482
760 683
890 870
617 230
485 382
208 29
81 289
928 486
578 378
946 758
158 462
800 927
859 508
143 303
592 209
601 165
469 157
571 973
809 848
61 995
463 947
640 534
776 246
969 747
805 117
607 185
477 900
596 334
605 392
490 416
92 364
878 887
952 757
740 892
779 580
598 630
606 925
165 601
184 974
463 356
404 886
874 236
306 707
384 153
171 707
281 263
941 475
104 766
822 102
626 607
720 536
431 994
712 76
306 805
825 819
648 724
261 367
797 301
881 708
424 771
938 389
59 596
632 402
746 486
713 759
152 673
298 119
526 567
938 167
557 591
173 922
189 511
912 790
142 943
494 386
652 840
566 598
968 737
734 724
588 58
441 615
481 658
902 564
463 998
834 150
653 626
363 338
701 358
114 512
316 196
482 60
616 322
796 94
946 335
88 923
890 16
529 462
832 153
540 202
615 646
796 892
586 408
127 120
329 177
719 356
404 564
188 835
408 431
214 967
512 805
605 142
173 34
391 239
528 63
983 625
693 795
997 693
822 288
344 671
864 86
922 378
229 364
727 509
728 517
236 868
58 4
119 621
873 409
11 134
695 240
441 229
721 861
615 441
928 721
989 580
901 738
372 634
246 562
247 495
105 466
156 349
751 796
303 271
624 556
398 49
294 70
848 164
539 565
208 771
248 816
450 832
749 92
734 688
118 181
467 511
146 216
458 198
278 421
155 42
844 662
791 889
648 505
27 20
264 482
676 431
736 658
914 356
554 783
165 942
102 507
73 199
842 2
511 189
611 835
176 712
175 490
303 673
6 652
499 330
61 495
115 922
922 188
83 248
68 364
239 261
797 977
999 271
784 196
586 880
381 84
367 417
612 583
519 501
595 883
775 15
584 224
833 775
814 578
393 870
699 910
243 314
414 863
180 265
336 7
636 402
229 836
673 152
285 210
569 479
494 344
688 507
968 603
56 117
200 677
517 168
367 571
207 790
541 163
765 965
930 634
436 503
520 482
938 913
687 894
299 585
195 904
752 379
354 59
2 415
592 419
445 321
899 36
23 100
188 37
154 501
743 277
781 56
932 164
240 668
577 307
303 581
633 4
151 369
580 517
766 296
799 202
231 820
125 273
956 503
271 530
515 400
168 517
522 508
957 795
745 269
765 210
177 329
893 925
548 296
785 650
417 314
533 220
56 614
760 974
457 698
615 449
450 341
413 95
289 81
94 796
294 450
349 877
636 327
86 864
802 401
280 443
47 639
599 34
433 959
910 699
68 570
664 289
539 735
186 557
226 750
540 652
527 39
470 348
825 323
330 739
865 894
576 759
860 812
208 715
815 344
389 938
285 585
415 942
203 448
772 109
5 346
812 862
13 895
913 177
895 927
717 727
44 859
601 70
395 515
782 941
13 208
838 373
61 196
841 416
472 317
282 2
796 904
718 713
631 580
465 613
852 407
410 238
211 9
418 693
187 496
126 231
809 461
24 659
171 548
923 597
546 552
414 328
719 967
921 52
638 237
613 465
944 66
231 574
189 826
389 296
870 339
779 144
263 259
124 337
987 213
487 993
163 951
315 592
817 438
102 696
103 721
155 916
484 968
648 563
223 301
532 141
899 642
129 694
756 931
887 203
929 943
900 248
920 726
26 653
263 852
873 538
677 490
255 754
734 725
130 639
114 686
460 390
456 881
226 71
285 734
485 934
398 999
41 106
47 452
767 373
255 417
443 827
598 433
586 409
507 688
629 485
370 796
268 21
508 882
562 113
410 194
653 134
240 563
957 752
906 610
617 583
137 807
234 17
993 196
98 544
582 278
784 217
289 733
894 4
275 542
353 726
98 915
10 273
543 137
871 812
139 127
710 746
803 468
950 133
2 685
855 280
927 895
107 976
384 21
349 947
423 396
3 813
409 582
394 146
125 172
309 37
333 415
885 658
381 499
973 160
725 719
963 854
229 944
358 796
52 159
751 799
468 719
240 294
960 623
431 426
587 256
805 345
734 689
908 598
374 32
728 362
285 561
381 936
274 290
455 353
886 143
961 228
84 381
990 121
421 418
973 885
615 596
500 493
635 378
247 624
585 513
535 375
370 945
602 528
842 3
993 405
192 244
525 14
322 843
453 243
727 717
157 751
412 888
288 822
883 499
476 43
286 316
694 425
558 392
375 708
323 825
56 732
736 78
577 914
945 982
228 841
85 704
31 302
159 485
453 728
241 450
86 746
450 334
234 457
772 935
498 66
794 951
985 620
971 513
220 539
216 606
622 234
299 285
651 704
32 368
158 464
12 958
34 706
790 929
55 888
591 858
796 370
817 809
963 707
187 845
759 117
65 105
677 418
152 807
134 651
856 315
565 349
145 98
922 682
100 564
88 84
216 9
51 72
658 160
444 41
669 544
193 495
909 497
307 355
218 842
311 315
97 139
169 262
446 890
914 472
790 207
724 71
11 692
585 799
876 266
435 628
421 521
300 846
136 951
106 141
31 206
653 351
603 988
694 437
896 508
148 345
292 905
278 748
55 506
530 928
370 379
101 249
524 306
312 320
439 633
759 612
584 108
587 831
252 234
474 92
919 980
370 93
78 346
831 184
980 946
588 419
523 328
564 404
216 570
18 272
218 200
333 649
887 230
264 912
229 968
18 163
792 390
199 113
863 414
994 347
460 355
504 723
485 816
492 12
558 699
503 396
468 997
786 446
571 828
491 460
596 473
740 649
631 944
321 781
583 45
435 261
364 229
809 112
904 796
995 861
781 202
838 389
921 511
887 584
727 919
567 590
643 6
992 932
329 100
852 400
525 86
709 265
912 37
438 817
663 456
560 631
244 192
852 263
887 878
269 745
457 793
40 271
75 678
25 125
903 366
44 303
652 46
908 384
31 51
859 594
897 945
715 918
76 664
607 652
866 534
908 279
860 56
846 511
559 990
263 237
11 156
780 985
194 638
475 75
206 969
579 337
318 647
444 966
29 848
534 667
59 761
206 888
371 827
390 131
581 660
837 570
877 765
113 848
275 449
739 740
849 100
462 529
117 809
123 136
711 523
588 342
539 698
744 108
485 626
658 292
677 536
146 464
631 193
868 181
345 80
894 865
184 338
627 550
386 530
541 362
48 769
35 809
833 84
729 107
697 517
183 534
866 148
554 809
4 266
559 88
245 122
799 585
969 278
770 833
473 583
495 518
830 517
26 241
357 737
377 163
236 674
273 424
143 886
481 205
745 648
36 153
720 954
554 730
442 208
760 331
41 549
372 17
646 609
439 253
758 965
54 988
438 63
693 571
50 527
54 79
607 881
250 966
567 391
863 892
820 545
569 743
243 288
688 243
252 18
422 348
263 516
935 22
243 638
668 435
885 947
523 400
907 561
347 556
186 994
591 833
65 787
393 260
450 815
750 226
933 898
398 55
971 211
878 407
271 303
494 412
761 628
833 135
706 399
209 749
373 838
861 721
807 655
277 640
766 886
929 517
549 980
397 39
507 625
596 273
45 629
786 281
991 336
866 43
870 611
796 834
338 400
279 293
706 627
106 775
399 800
329 60
607 401
735 748
933 312
61 493
469 888
201 250
71 724
165 543
993 118
888 412
11 873
847 196
991 788
188 583
271 568
163 131
157 417
56 588
715 815
78 93
870 393
279 862
704 651
873 4
618 449
712 134
930 69
34 910
417 126
806 752
863 993
313 61
993 675
560 458
996 198
688 159
216 688
890 688
51 542
734 993
479 142
246 655
172 550
688 509
942 861
123 33
514 956
57 915
293 455
610 900
458 361
616 269
748 890
198 351
273 52
661 873
152 855
902 653
355 368
252 984
18 768
867 237
339 964
362 495
624 22
472 291
567 756
771 467
575 949
19 775
222 770
371 452
79 959
481 132
841 228
645 744
614 403
525 386
519 676
884 957
7 336
435 789
208 468
798 263
380 818
452 199
96 377
243 250
650 262
561 161
263 281
585 299
806 653
717 478
418 309
897 272
475 780
333 422
632 377
564 486
945 556
565 843
17 941
414 953
217 757
480 853
264 770
321 343
323 481
809 554
518 450
60 756
670 281
803 952
950 569
20 438
313 420
367 601
156 54
564 171
455 10
167 406
532 440
187 985
60 329
83 536
92 986
347 931
203 339
83 649
389 586
501 154
652 532
984 124
982 731
841 469
553 489
598 427
141 106
343 824
398 555
183 723
795 469
706 520
525 196
515 50
74 174
496 532
376 458
999 226
233 455
453 202
440 871
537 703
415 2
367 261
96 72
612 852
685 160
429 482
858 756
732 221
901 856
900 813
427 705
564 902
837 374
239 172
422 964
423 277
7 90
263 236
484 261
693 599
396 979
55 334
862 874
665 430
851 407
525 618
567 467
114 153
276 248
523 137
119 424
501 887
926 86
272 879
99 644
280 362
414 917
219 367
63 438
13 733
522 933
815 536
542 288
265 468
394 560
734 584
865 815
243 643
619 760
86 223
398 203
388 421
155 466
304 936
881 150
130 748
631 998
442 669
630 186
23 456
687 929
959 652
544 145
353 191
709 714
675 630
658 888
342 753
58 604
153 832
886 498
945 492
880 775
121 165
140 985
76 991
420 313
927 458
470 675
713 122
951 464
280 795
525 347
949 575
641 358
966 759
567 224
419 449
628 97
888 206
580 140
395 344
717 277
521 762
591 268
825 844
523 181
392 433
67 241
932 999
256 320
423 236
564 478
919 652
643 854
588 202
717 810
282 533
86 251
108 359
805 327
826 674
4 58
27 203
246 509
769 834
22 962
792 669
39 608
130 355
889 264
641 789
719 468
425 694
239 691
407 851
174 74
947 326
6 643
83 12
124 864
535 196
405 495
353 790
694 431
162 756
617 690
157 527
301 223
125 507
556 347
495 217
410 617
802 823
34 173
971 852
140 513
106 363
452 371
879 436
612 721
707 255
873 11
671 344
51 835
493 298
224 609
152 510
150 857
670 0
998 445
638 660
307 538
768 24
220 533
80 96
333 274
265 50
503 102
416 162
159 682
4 873
406 973
134 476
915 57
517 149
864 671
333 628
651 595
764 440
194 410
998 878
714 709
21 823
433 707
655 424
458 150
956 761
356 521
734 290
771 308
479 333
62 511
9 753
965 758
240 945
75 880
580 979
748 25
783 554
629 298
520 850
170 983
549 41
715 305
184 839
311 219
940 745
153 169
433 105
676 51
469 795
487 314
456 470
330 499
149 925
922 159
395 53
987 447
999 300
103 379
983 939
289 667
719 925
651 213
7 113
603 764
704 633
137 680
396 959
751 157
555 398
440 375
261 375
615 450
419 759
263 574
232 8
308 165
418 421
369 401
119 229
88 583
416 206
90 29
627 302
670 286
907 632
801 221
90 396
959 804
356 463
468 769
489 810
713 906
34 599
436 295
296 402
174 599
89 125
904 32
703 432
985 187
622 704
329 447
796 229
230 617
641 812
532 671
627 795
210 765
50 82
583 188
356 914
675 554
515 66
628 761
124 936
805 949
845 584
888 469
597 563
118 606
533 795
194 717
727 469
563 620
608 67
419 292
348 326
357 16
565 539
993 520
155 843
246 776
724 648
428 317
671 131
51 778
404 438
176 317
640 108
785 917
493 242
954 772
525 843
86 899
858 216
17 904
638 684
54 429
733 744
650 236
599 195
924 882
781 727
428 641
393 238
843 866
476 841
313 455
796 436
373 767
470 383
218 460
915 478
990 870
623 431
695 882
458 351
757 665
939 420
557 877
530 251
344 410
368 32
423 668
411 252
239 952
455 271
627 838
279 61
529 450
658 230
198 55
52 617
313 899
61 229
300 611
762 82
979 350
654 330
365 687
350 285
670 976
73 184
774 782
67 918
735 539
187 17
499 483
853 972
619 498
880 998
239 493
646 615
620 984
823 21
145 918
228 961
197 970
128 207
793 211
43 476
816 92
797 747
483 610
119 542
637 93
972 678
483 499
263 497
932 992
591 557
719 536
525 879
871 749
669 100
707 433
712 473
919 764
740 15
298 230
687 512
523 483
161 294
240 345
223 32
925 316
415 978
970 391
326 299
751 766
626 485
777 509
173 668
344 118
255 352
971 51
661 851
925 606
469 450
179 164
331 289
61 152
196 993
583 247
144 844
127 139
680 814
537 939
291 911
224 506
905 611
601 300
766 598
362 280
554 922
439 396
210 852
466 490
28 613
624 202
145 711
839 572
788 946
240 594
176 810
770 500
93 811
166 953
569 950
880 657
480 271
499 29
723 445
471 67
695 163
793 175
393 793
383 772
209 97
793 457
24 138
707 143
121 990
929 153
825 984
807 152
350 605
122 548
191 260
234 889
627 706
256 587
350 895
630 598
854 174
208 626
678 75
887 323
322 537
288 425
198 236
736 707
931 522
934 899
442 453
773 527
518 834
334 591
575 951
47 366
549 40
202 453
224 373
14 524
991 596
865 109
760 133
427 598
432 416
254 147
816 262
943 759
949 630
951 136
811 637
499 249
361 248
489 435
953 476
510 475
438 404
152 61
941 259
565 695
383 824
462 649
998 463
836 510
195 14
90 248
882 364
612 325
778 51
122 713
34 771
73 895
954 720
369 400
425 390
336 231
327 283
536 240
494 376
925 450
792 393
904 195
61 796
62 47
476 789
386 525
773 943
955 964
591 936
377 328
213 50
658 481
536 573
193 174
601 217
348 590
523 870
602 693
143 633
553 495
809 117
408 698
98 468
832 178
886 404
961 963
268 109
948 878
102 225
750 845
487 345
839 516
876 504
277 235
225 298
188 922
658 726
880 586
71 815
701 596
954 176
699 127
578 868
81 836
443 445
281 266
478 966
695 235
38 682
367 74
99 936
256 247
774 137
617 52
29 990
177 587
927 933
401 607
102 527
21 539
924 988
379 103
860 750
740 20
316 524
522 931
389 232
887 199
156 229
213 500
468 806
506 465
768 414
288 243
805 306
471 770
677 200
843 208
274 333
221 732
645 362
923 88
732 712
596 367
671 639
691 85
586 389
362 180
463 470
729 548
468 440
292 893
628 333
314 917
888 498
279 593
193 784
620 985
127 699
55 398
901 954
295 415
404 134
22 317
23 620
889 904
390 433
301 778
232 389
586 936
663 572
335 607
998 181
671 209
894 490
419 592
537 213
409 586
967 719
548 499
453 881
993 644
941 732
835 105
265 139
953 246
224 566
815 728
962 380
674 168
159 688
256 497
534 900
414 518
659 181
881 453
935 224
939 229
482 264
778 301
377 550
714 687
18 230
722 894
621 396
951 831
400 426
621 29
550 27
791 775
378 922
268 320
293 147
723 546
979 396
62 592
155 222
526 451
966 250
785 59
967 343
933 451
349 156
919 16
875 188
434 954
400 118
831 921
614 539
608 704
900 562
25 280
945 232
211 434
140 846
250 660
567 849
97 303
245 671
176 954
261 639
707 963
836 229
290 1
920 184
59 836
81 140
685 904
334 206
760 951
29 868
393 792
637 399
859 957
220 753
93 637
419 588
99 992
246 881
673 945
343 245
4 565
773 502
573 932
510 745
898 661
105 433
394 404
712 359
659 352
90 7
570 781
424 623
423 867
212 534
485 550
364 825
436 222
695 663
347 525
939 193
62 48
963 711
527 462
602 13
549 514
401 210
352 768
60 561
481 620
83 912
688 734
386 729
632 907
78 937
653 693
47 154
623 599
148 963
331 460
580 989
411 340
782 837
779 961
709 640
969 467
130 103
512 883
624 247
879 929
14 525
737 968
900 534
483 912
174 215
230 399
534 183
3 429
686 114
248 90
11 918
652 6
215 430
475 325
974 169
324 102
641 428
690 691
250 906
253 57
589 447
399 453
812 98
261 484
155 865
617 974
82 323
618 401
381 341
612 759
797 323
937 832
517 580
341 936
897 390
368 634
294 342
351 259
122 569
582 937
894 623
294 161
762 521
599 174
622 117
293 279
864 701
696 102
359 619
278 503
455 293
101 897
339 884
118 912
36 899
914 425
277 423
44 630
546 976
891 513
895 73
794 226
740 890
466 435
28 686
990 486
704 155
23 869
387 729
245 309
961 748
340 735
548 4
253 251
609 387
186 180
742 417
945 897
875 704
72 51
327 805
145 825
167 700
633 502
711 963
324 489
202 781
958 616
483 584
712 114
417 74
825 821
717 511
43 144
225 725
246 953
281 555
980 867
911 291
85 486
142 663
52 273
241 232
207 951
315 821
367 521
441 655
96 836
501 519
906 451
962 59
113 7
669 928
428 786
344 493
53 395
237 414
807 790
826 653
464 582
321 963
326 348
743 741
139 891
340 200
251 511
199 887
37 104
558 586
563 240
908 909
891 719
13 239
72 693
239 811
852 210
945 400
340 430
179 872
969 282
681 430
788 809
40 433
704 72
671 668
945 370
68 487
196 316
405 456
447 589
286 453
55 24
93 965
822 314
163 235
346 402
366 849
314 244
337 61
567 387
833 829
471 415
716 590
518 220
632 325
998 404
418 376
254 612
224 567
265 100
455 169
312 969
649 462
523 485
941 782
160 13
804 814
668 173
209 592
587 263
645 171
848 809
995 42
374 37
386 869
39 541
60 268
482 218
320 225
433 390
809 35
365 623
991 463
990 98
790 474
156 654
838 438
801 711
3 5
222 155
157 968
84 88
141 175
288 621
453 109
1 612
165 825
700 418
465 535
33 843
12 92
666 481
996 936
692 701
477 281
745 505
563 648
909 908
399 706
112 670
132 975
223 910
447 758
86 525
196 69
289 877
343 406
898 449
449 615
581 822
86 636
931 283
113 562
419 591
445 723
871 557
431 928
238 410
458 846
167 938
422 749
263 471
752 806
604 799
769 374
864 948
955 623
52 201
155 704
800 795
319 861
449 419
432 703
539 614
830 427
958 124
652 959
194 409
503 129
860 838
302 627
360 544
464 925
799 751
283 499
843 155
972 509
433 307
16 357
472 295
532 885
645 562
690 157
249 59
487 81
305 970
20 587
974 908
738 352
791 238
686 0
637 622
997 614
465 285
763 780
15 833
21 208
461 809
361 109
289 664
272 458
129 119
405 226
831 624
79 511
543 76
488 872
875 628
290 34
281 477
45 332
320 976
910 611
472 651
609 546
367 790
665 752
726 475
926 137
582 799
238 33
21 517
716 372
502 773
765 641
584 734
313 424
739 826
617 410
532 469
881 29
294 896
242 465
422 213
243 856
777 426
429 743
861 740
184 298
94 237
424 505
351 198
734 285
334 911
463 809
937 78
26 375
304 637
729 300
796 902
726 579
231 227
69 196
490 427
454 262
149 732
447 987
629 45
686 28
675 269
430 862
917 328
348 35
137 926
988 115
935 596
442 27
564 898
874 102
927 240
417 367
533 137
58 107
612 950
99 861
392 699
216 991
802 890
394 248
12 575
94 851
392 409
889 701
51 700
897 368
309 124
493 239
128 435
688 347
247 256
506 650
717 32
147 254
725 565
462 901
66 498
801 13
468 578
747 969
532 139
56 68
5 117
226 652
797 249
302 713
108 744
482 469
998 821
104 351
344 494
623 424
735 162
592 180
826 650
899 934
259 263
959 938
545 866
708 746
473 831
109 867
523 823
47 93
620 369
583 127
506 177
344 12
936 304
757 952
316 33
945 407
620 23
871 358
75 539
975 132
44 490
409 99
637 933
504 31
698 539
150 154
72 882
998 73
36 356
202 588
495 193
153 384
137 523
318 586
943 681
106 480
537 42
67 471
251 530
16 535
896 199
436 640
43 366
229 119
626 973
402 643
811 869
544 952
29 928
234 622
345 507
271 999
312 236
916 488
171 83
851 661
727 62
163 695
25 698
66 470
929 988
476 953
541 39
346 745
807 932
21 799
955 913
429 670
166 135
929 687
203 398
584 835
697 548
377 96
982 519
657 118
88 237
191 903
66 700
925 893
374 742
704 85
961 570
529 862
451 468
841 92
861 1
864 299
206 334
978 479
45 52
746 835
54 770
98 990
68 250
625 983
667 534
101 382
379 628
513 140
538 873
280 25
651 58
586 605
971 729
972 630
441 10
100 265
86 748
859 44
272 796
312 281
542 51
121 995
177 913
475 852
367 866
521 500
337 843
638 747
350 979
596 783
32 374
450 925
753 220
990 515
76 71
392 30
191 406
694 555
750 131
240 376
424 655
632 798
535 578
259 351
79 582
669 792
134 653
70 783
71 226
537 874
718 939
455 323
815 163
856 432
325 851
14 326
714 818
409 392
615 711
889 409
836 752
49 738
704 2
831 959
838 189
605 350
384 504
738 353
462 161
533 914
789 504
558 63
483 995
380 617
567 183
272 444
770 471
590 716
921 33
280 855
120 150
737 281
846 485
798 264
543 79
775 104
462 285
335 529
266 411
216 738
760 691
910 531
521 272
208 21
946 799
263 587
473 407
69 877
164 695
588 191
240 277
275 246
593 279
167 316
596 658
651 627
670 429
554 394
846 754
209 671
320 268
421 2
60 326
614 997
378 97
914 133
936 341
815 71
321 775
451 848
606 216
734 429
369 563
407 945
249 101
917 516
679 741
420 44
383 470
581 407
107 417
514 227
771 208
883 512
93 78
222 626
831 800
851 94
571 367
590 697
591 96
645 856
984 556
822 348
262 263
157 499
2 704
59 785
78 111
651 245
673 541
840 58
289 788
860 165
110 444
163 815
862 879
815 995
634 790
713 413
380 962
642 899
788 425
664 247
276 133
894 687
211 793
953 72
886 766
161 429
497 469
133 79
868 44
152 728
82 873
894 792
648 792
502 913
325 632
17 319
108 376
22 584
668 250
783 219
143 696
700 715
972 288
777 342
299 918
874 850
502 179
523 822
175 11
877 349
277 743
50 483
17 234
308 543
671 632
286 670
947 192
658 885
553 89
754 714
884 685
757 217
157 915
770 202
269 694
387 567
686 57
816 483
63 686
749 871
880 538
348 0
242 575
650 534
306 524
495 192
850 81
832 716
483 648
475 941
955 359
940 241
409 591
524 496
488 48
986 339
418 263
284 764
160 946
30 392
697 141
592 853
260 373
557 393
446 88
470 66
428 722
748 735
821 165
345 148
237 94
772 383
389 201
688 565
269 308
804 959
550 143
758 290
88 976
514 756
696 143
312 664
8 177
84 132
657 228
283 390
412 546
16 379
580 779
856 243
400 105
643 55
97 209
407 878
693 933
904 568
429 3
605 234
847 93
453 286
435 831
665 222
443 280
466 155
399 637
868 578
620 591
970 618
557 186
957 864
659 534
327 636
953 166
989 672
613 244
281 737
377 884
713 550
972 853
722 428
507 102
290 704
806 468
626 208
850 520
674 826
345 240
436 217
829 670
74 609
18 201
735 340
754 255
313 515
706 122
71 76
22 624
518 661
499 837
227 466
908 625
325 961
610 881
807 681
644 75
900 477
481 323
902 647
192 922
469 482
325 850
666 702
250 243
187 270
942 402
374 336
352 318
540 441
945 303
598 722
638 287
1 352
440 960
452 47
737 175
2 842
594 240
281 129
673 647
508 262
606 603
160 685
362 847
229 61
767 573
56 989
552 546
785 940
219 488
458 864
132 481
975 977
502 633
752 836
950 273
518 53
467 771
431 676
289 331
554 361
958 143
835 320
32 403
605 938
133 251
375 440
70 590
180 186
331 62
647 902
373 663
800 7
265 668
123 432
113 378
139 848
212 378
451 962
273 10
827 687
508 896
246 216
446 910
302 222
201 969
771 53
211 160
671 532
400 945
623 955
183 862
516 263
650 785
371 422
376 464
359 185
583 473
469 841
842 213
434 720
598 766
802 551
984 702
756 162
975 448
486 151
414 432
931 102
234 180
992 8
295 503
870 105
141 697
976 540
387 777
82 403
817 204
764 603
430 681
200 218
497 904
342 272
881 610
310 818
4 633
884 339
280 193
217 682
346 78
124 79
548 697
933 693
327 362
328 604
976 88
856 958
659 157
919 727
961 325
14 195
967 811
489 888
787 65
973 406
464 682
159 911
952 239
700 597
313 571
42 155
479 482
62 350
428 924
303 80
109 865
255 331
847 919
359 281
947 37
269 241
397 60
554 129
408 875
174 854
586 318
862 67
886 69
653 988
965 858
951 667
994 186
795 439
61 337
304 490
505 351
767 83
966 444
474 790
157 771
804 62
953 860
269 693
37 425
477 306
462 158
262 454
269 518
70 419
490 175
340 621
827 85
741 679
428 248
582 409
858 581
659 652
314 243
6 229
957 859
758 766
181 321
882 462
348 470
42 537
500 521
671 354
926 37
417 107
181 242
111 113
367 219
547 801
915 837
556 945
332 209
717 194
777 181
977 797
548 812
129 746
898 943
241 26
761 803
482 260
796 358
299 326
368 355
265 331
412 494
437 589
645 168
759 30
248 680
139 779
838 651
911 885
381 928
886 135
799 756
527 773
412 652
614 829
362 498
895 812
291 946
849 908
499 567
667 63
287 326
325 159
331 514
944 631
27 781
582 57
801 806
879 905
201 18
153 215
837 133
571 313
150 164
745 510
603 968
608 802
901 777
500 984
121 421
853 860
638 194
951 163
613 384
570 68
826 42
310 843
38 758
367 142
21 268
315 547
465 242
877 557
470 141
521 617
258 833
906 213
237 799
682 956
720 263
422 371
414 983
636 26
356 322
795 533
373 513
997 455
462 882
263 775
929 879
930 512
91 516
865 873
139 934
999 674
783 237
52 921
531 124
252 753
786 195
770 732
915 285
386 725
79 576
26 636
620 292
433 598
621 253
179 22
435 128
899 881
636 990
948 450
252 983
550 394
956 981
278 201
62 624
925 942
654 148
550 485
120 732
770 768
1 581
611 870
478 403
136 976
213 718
861 99
699 392
129 426
700 167
704 290
478 717
392 932
232 547
563 745
230 18
16 804
974 173
999 298
68 216
840 177
323 797
822 481
606 600
958 737
871 876
439 960
775 106
262 59
564 719
225 717
928 530
197 687
665 757
738 901
99 657
872 431
449 354
584 483
566 183
180 502
366 473
555 162
831 49
449 275
583 592
674 236
905 0
583 737
251 24
544 319
191 436
569 220
806 211
184 190
8 108
963 564
454 185
334 867
545 820
529 335
303 44
170 659
999 932
653 806
411 135
922 825
887 723
728 72
60 21
926 848
601 367
268 249
58 677
404 905
483 944
500 114
157 687
46 450
876 501
568 958
141 470
617 739
805 512
561 484
803 35
881 775
716 832
664 987
349 565
261 435
119 643
64 907
765 141
927 130
21 467
885 532
834 518
779 139
147 293
534 659
759 576
566 224
698 408
314 417
356 36
949 9
695 565
668 423
263 681
570 961
200 663
609 813
958 168
798 689
833 258
468 803
910 446
773 910
683 768
557 871
792 648
668 107
265 520
835 746
356 719
341 381
981 220
57 686
493 594
615 555
84 209
231 290
303 945
714 840
363 106
295 961
630 44
593 829
300 601
601 474
14 687
770 857
37 374
117 56
598 569
18 613
79 124
98 727
813 294
314 815
776 728
816 485
634 372
796 651
942 165
686 63
432 414
344 762
969 201
71 889
568 858
572 930
390 283
301 244
146 823
157 469
374 837
49 244
951 207
992 388
223 692
713 302
142 597
77 0
930 168
848 481
81 470
128 257
589 54
989 892
995 483
464 361
450 948
534 776
652 919
797 218
892 216
252 383
706 20
49 831
691 760
817 917
268 543
892 335
527 102
751 516
660 581
297 57
541 326
523 711
387 200
117 329
133 468
190 671
252 972
933 125
368 209
648 483
961 876
320 20
84 245
869 811
539 75
188 27
174 994
672 360
620 118
914 493
681 398
738 233
305 930
895 13
589 850
438 838
771 157
453 139
58 349
37 588
292 783
607 558
796 751
58 460
202 540
988 54
81 886
747 441
789 52
168 674
266 19
569 666
73 619
152 86
82 747
825 881
113 647
938 432
108 525
290 734
755 270
464 341
69 886
488 347
935 131
260 393
578 412
412 92
17 372
165 308
563 481
752 486
492 33
297 21
303 11
758 447
450 604
862 137
139 532
908 849
946 156
288 542
472 299
857 696
515 990
109 731
700 66
196 737
430 215
576 79
262 508
561 285
231 985
864 458
866 664
7 328
745 473
125 295
110 581
828 732
594 238
372 192
121 576
290 207
81 850
244 314
262 169
103 449
750 516
788 289
699 198
707 819
556 84
884 377
632 274
51 676
251 844
396 773
716 658
399 230
129 902
613 22
133 950
320 835
526 695
640 54
959 79
617 380
105 400
285 140
882 72
123 84
108 640
289 314
436 191
976 412
5 430
298 184
759 419
890 446
967 214
934 485
536 916
791 612
118 344
908 640
503 278
105 835
752 258
244 742
460 491
722 978
84 335
787 882
644 41
688 989
981 168
294 753
799 604
415 327
696 423
662 844
519 845
192 134
732 512
476 198
496 524
254 471
741 943
942 142
227 797
550 627
201 267
633 264
372 292
552 738
112 809
148 245
43 489
634 930
907 64
343 90
898 389
370 148
264 633
450 284
983 170
358 701
821 315
898 564
632 302
894 722
509 656
220 549
593 197
845 22
560 394
671 430
878 166
722 626
812 752
156 332
623 214
682 772
901 38
460 218
759 278
464 285
88 729
18 252
626 105
240 308
574 921
61 826
942 925
213 111
431 408
929 790
511 846
682 38
48 826
783 292
860 953
790 576
875 424
800 259
123 700
782 774
219 682
454 471
221 504
600 31
892 863
457 194
376 494
325 475
144 404
562 246
546 723
157 690
115 824
542 942
907 108
362 645
436 652
519 27
673 943
416 432
846 194
432 938
787 272
111 224
6 404
872 488
428 574
418 484
630 675
848 113
811 7
497 101
722 598
355 899
838 860
622 71
255 954
298 225
541 35
961 295
316 925
728 453
273 950
532 393
644 195
866 367
114 712
188 327
498 619
134 677
818 714
454 134
79 543
188 310
833 15
947 3
1 861
292 372
644 993
493 565
387 88
986 726
335 84
164 108
257 774
775 700
351 734
870 890
488 708
50 887
88 446
639 11
568 904
272 197
701 692
559 714
818 368
572 839
988 55
861 319
366 903
224 940
346 371
612 586
850 963
229 6
46 580
746 240
450 469
909 762
881 607
573 845
650 506
7 811
779 210
591 409
208 158
651 796
129 554
431 370
208 843
195 599
347 688
956 514
976 320
317 472
467 567
105 870
308 269
476 703
511 774
95 71
334 773
435 130
843 1
936 381
994 431
758 444
544 98
748 130
680 866
951 575
572 432
627 775
23 8
299 864
325 224
217 495
92 749
218 848
142 430
37 188
792 927
903 713
723 949
227 514
878 871
348 822
899 446
22 179
1 500
989 59
719 214
171 932
228 723
639 47
219 944
418 791
519 671
283 931
343 339
149 22
409 889
837 409
489 43
515 413
500 685
138 488
871 878
896 276
807 454
426 431
565 688
33 263
936 644
96 481
298 869
318 352
543 361
690 911
484 72
379 370
52 404
56 847
384 838
800 606
229 796
321 445
489 615
932 807
655 246
753 252
592 62
539 601
246 275
544 305
255 707
320 256
726 920
835 611
506 55
660 638
346 604
344 53
383 252
408 786
31 592
841 476
149 517
580 831
652 412
729 311
984 500
126 417
587 177
719 404
739 330
637 811
157 907
691 239
415 471
279 356
211 18
69 80
883 516
862 279
462 129
139 366
822 673
469 967
236 997
382 459
276 316
172 125
390 460
968 484
827 443
836 59
285 299
215 174
497 909
719 750
542 877
759 578
959 396
12 651
768 41
396 810
670 64
928 431
220 981
919 867
209 332
137 63
321 266
674 782
534 866
892 182
216 399
198 611
180 234
369 151
325 612
627 560
795 844
691 271
53 518
297 108
98 145
703 476
687 827
833 34
874 862
411 244
786 408
862 183
899 843
383 144
992 653
140 285
253 740
1 737
537 983
351 967
597 923
88 133
344 815
224 325
832 4
978 722
520 993
689 798
999 398
941 17
45 92
405 180
750 594
897 4
495 61
828 628
86 618
417 255
551 564
383 872
635 655
428 281
963 148
86 709
673 942
