89 11
40 22
4 36
78 39
43 3
63 76
48 86
46 12
16 47
72 92
73 82
36 34
54 92
2 78
80 12
78 86
48 37
12 59
34 8
20 75
24 14
81 35
67 80
45 78
85 87
32 77
75 97
95 98
4 35
8 38
48 77
11 83
33 34
58 26
97 77
78 89
61 63
44 25
19 96
37 54
42 67
81 36
62 6
45 54
67 89
87 10
0 14
77 48
25 58
82 61
50 18
14 84
53 7
4 42
7 15
46 30
29 62
12 90
90 60
72 74
54 46
1 82
58 37
97 70
98 76
61 56
44 16
88 74
34 26
73 45
20 89
76 78
5 70
45 47
10 19
49 52
30 86
13 6
70 57
77 41
25 3
8 69
45 64
18 98
57 69
75 31
78 56
80 98
26 34
46 33
90 7
37 87
19 1
97 95
5 62
61 49
47 2
12 32
51 71
17 43
76 69
42 53
98 54
81 22
70 48
92 69
38 9
8 76
82 47
50 4
71 83
53 9
75 20
57 78
58 68
80 89
78 3
65 30
46 40
29 48
19 6
98 94
61 74
44 6
5 39
27 70
86 50
51 76
37 33
62 59
84 12
70 43
38 0
23 99
50 63
33 93
71 72
53 18
75 13
21 57
12 71
51 36
54 51
2 45
58 62
22 40
5 32
62 83
83 42
47 16
86 53
91 58
94 21
13 49
92 91
38 59
96 30
95 62
25 22
99 59
63 1
72 23
71 65
18 79
1 13
90 97
58 86
39 24
78 13
80 87
26 63
43 93
48 96
2 36
97 98
5 41
98 80
69 12
56 15
55 41
42 46
6 56
10 55
67 58
18 55
74 40
55 94
40 88
99 32
64 78
11 28
18 70
39 17
26 6
44 92
19 29
61 85
9 87
83 56
66 0
15 73
0 73
55 38
42 41
6 51
62 44
45 12
84 25
13 35
35 10
92 41
55 87
38 53
40 95
95 44
60 2
64 69
63 55
11 21
89 67
18 65
1 31
75 48
58 88
39 14
83 80
48 30
19 34
76 17
30 45
88 52
17 8
0 64
55 63
20 3
94 14
76 96
42 16
23 22
64 45
10 57
84 32
32 6
13 92
57 2
82 10
65 66
85 15
47 71
51 0
36 97
76 8
5 4
9 65
47 52
30 20
17 1
91 6
56 36
55 52
59 49
42 27
10 32
50 75
32 29
87 50
92 63
74 69
38 39
95 18
43 40
8 22
99 87
89 77
72 51
97 29
80 51
61 15
26 19
44 73
7 87
48 12
12 98
68 71
51 9
54 22
19 48
93 73
5 13
61 96
9 74
88 2
52 40
55 13
3 59
24 84
23 36
64 59
10 43
13 78
31 36
35 33
18 27
92 54
75 86
40 52
4 90
8 29
7 63
63 34
28 64
36 0
1 98
22 87
47 85
12 25
51 14
17 98
24 44
98 15
30 6
87 83
34 93
52 55
0 85
55 10
59 79
24 91
81 94
92 13
57 21
95 0
60 38
43 38
7 52
63 43
68 38
33 12
36 15
97 47
61 1
47 82
86 11
51 23
16 83
73 6
56 74
10 74
49 29
35 94
20 39
77 18
25 84
82 95
89 55
38 72
95 9
60 61
99 74
63 80
29 64
54 72
93 35
69 74
16 74
73 15
94 66
98 1
81 63
49 22
87 97
91 98
20 46
3 46
23 51
81 72
64 0
28 62
4 55
60 52
8 50
48 89
46 3
85 44
71 9
36 61
93 60
58 14
39 32
80 31
78 69
61 19
86 5
73 48
41 95
24 1
5 97
62 18
74 17
3 23
77 4
59 82
23 72
6 0
82 81
25 38
81 65
64 7
32 48
14 64
57 40
43 13
7 35
46 10
72 86
54 90
1 78
93 53
41 55
78 76
79 70
17 78
15 16
56 95
94 76
76 34
41 64
27 21
66 72
30 98
92 98
74 24
45 84
31 1
89 10
14 75
21 27
43 2
99 97
72 93
93 14
97 75
78 87
44 35
94 55
42 89
98 42
62 28
74 3
59 96
23 94
8 88
82 67
45 77
28 11
84 88
85 86
32 78
14 82
1 47
40 30
78 47
46 20
68 1
90 50
58 27
44 26
9 8
19 99
20 83
77 94
6 90
81 27
62 7
45 53
52 25
74 10
8 95
89 20
53 6
4 43
78 54
7 14
65 3
48 69
72 75
36 81
41 42
97 69
98 77
79 93
9 49
12 42
69 23
73 44
20 90
24 29
5 69
13 5
91 71
0 6
92 79
82 53
63 21
85 88
50 10
14 92
1 57
57 68
21 54
95 83
78 57
11 64
29 54
90 4
37 86
2 88
41 19
22 31
5 61
61 48
98 68
79 90
83 31
12 33
69 16
20 97
94 40
5 78
49 44
30 94
31 84
87 27
35 17
91 92
74 60
77 33
99 12
28 16
33 91
14 39
53 8
1 50
57 77
58 69
21 63
26 42
37 95
58 52
97 87
98 95
61 73
5 38
88 89
34 45
17 35
81 14
45 32
84 13
67 79
30 65
13 55
91 85
55 75
95 48
23 98
25 12
63 27
50 60
1 11
57 86
95 65
78 11
29 8
54 48
98 86
27 94
51 84
69 2
34 36
91 61
37 41
94 26
6 70
45 25
10 13
13 48
70 35
55 64
95 57
60 13
50 55
14 49
57 95
58 87
21 65
4 15
80 72
43 92
95 78
29 1
37 65
2 37
61 91
79 49
27 87
9 45
88 39
51 93
34 63
15 67
91 50
56 16
23 3
62 42
10 52
32 9
50 95
87 38
35 4
92 83
55 89
38 51
60 4
82 25
11 31
14 56
18 71
75 58
21 74
97 9
22 72
51 53
90 24
2 60
41 15
27 44
66 1
86 68
87 78
88 46
52 92
91 11
55 33
94 4
59 34
42 22
50 86
13 34
87 63
35 13
18 47
92 42
3 84
60 3
82 16
63 54
1 30
58 89
97 2
78 28
44 84
29 19
68 82
19 37
79 7
9 95
10 87
87 71
52 91
94 15
32 7
50 81
13 91
74 91
57 1
96 36
4 85
50 32
14 10
72 13
71 47
36 19
39 6
80 61
7 89
47 70
15 41
54 28
93 79
76 9
27 58
66 19
30 21
88 60
52 34
15 94
0 88
96 76
59 48
42 24
64 37
13 84
70 15
18 33
57 10
38 36
96 59
75 80
64 84
85 23
72 52
36 26
97 28
44 74
83 97
48 13
12 99
93 72
24 38
10 89
87 85
0 95
56 44
20 18
59 73
24 85
42 3
25 73
31 39
70 6
18 24
75 73
40 53
3 75
4 91
60 40
99 95
7 62
63 45
65 83
29 77
53 71
1 97
97 21
7 79
68 79
69 71
19 56
93 65
94 81
76 63
24 45
98 12
79 18
87 82
34 90
35 88
91 23
56 51
20 25
96 90
25 82
84 62
32 44
35 41
92 14
40 60
21 6
95 3
4 66
43 25
7 55
33 3
89 94
97 46
80 34
61 0
26 98
44 56
48 59
46 97
51 22
69 64
15 4
56 75
19 65
2 27
42 98
27 1
52 63
96 81
23 53
31 21
35 46
38 73
40 35
4 73
95 8
8 12
65 45
93 34
58 4
97 39
78 67
80 25
12 8
56 82
37 16
93 83
2 18
76 45
19 70
98 30
81 62
27 6
35 70
0 36
74 23
55 27
59 92
60 70
23 50
6 14
82 87
92 28
57 38
38 64
60 53
48 90
29 88
33 29
16 51
90 38
72 80
54 64
53 82
36 62
78 74
80 16
44 46
9 20
15 10
76 36
41 94
98 25
49 14
88 31
55 16
60 93
81 64
82 78
28 54
70 98
53 42
11 39
16 42
72 87
54 91
1 77
97 49
78 77
44 37
48 32
37 2
94 77
60 84
99 19
82 73
28 13
31 0
53 51
40 24
39 64
4 38
63 78
29 42
85 61
16 33
54 82
58 17
61 36
83 11
12 53
86 20
69 36
17 70
37 11
94 52
6 96
62 29
67 82
87 15
38 26
3 4
59 99
25 55
64 22
45 76
50 25
53 60
40 31
21 35
78 44
65 9
68 2
36 43
2 71
80 5
78 95
44 27
83 16
69 45
17 63
6 91
35 98
38 29
8 64
82 59
45 69
71 95
75 24
48 70
12 84
33 57
16 31
90 58
1 80
97 68
5 51
98 74
79 92
61 54
42 72
98 61
49 42
92 72
38 20
96 11
77 39
28 26
50 11
33 65
14 93
40 13
95 82
78 62
7 6
12 83
33 50
73 75
37 85
5 60
61 79
27 67
12 34
86 57
51 73
34 19
94 41
42 51
30 95
31 87
87 26
13 61
74 61
77 32
8 78
85 96
32 84
14 36
53 23
1 49
78 1
16 13
90 12
73 76
19 8
93 17
41 27
22 23
5 37
98 92
86 48
69 24
51 78
37 47
77 72
25 98
6 76
81 13
84 14
67 78
87 19
25 19
63 26
71 74
58 77
39 29
95 64
78 8
80 82
26 50
65 21
51 38
72 97
19 17
2 43
62 81
27 81
9 43
66 12
47 18
30 62
88 33
86 75
17 27
15 69
94 27
59 23
62 32
45 24
30 73
38 57
40 83
95 56
25 20
63 3
14 54
72 25
18 77
75 4
58 84
39 26
48 98
37 64
93 99
41 5
27 86
88 40
51 92
69 10
34 60
52 86
55 43
59 44
6 62
45 17
10 53
84 28
32 10
13 40
70 27
35 7
18 53
92 44
55 88
96 23
60 5
99 34
82 22
53 98
58 95
21 73
46 67
51 52
54 3
2 61
62 67
9 85
47 32
30 40
87 73
0 75
56 24
59 37
42 23
45 10
49 79
50 87
31 75
70 18
92 43
38 43
40 65
95 46
60 28
43 60
29 97
85 4
89 65
72 7
14 0
1 29
75 50
22 64
80 71
97 1
44 85
48 16
51 61
15 35
54 26
19 36
22 51
5 25
27 36
9 94
17 14
0 66
56 31
94 12
59 58
76 98
23 16
64 47
10 39
67 42
50 78
13 90
87 55
35 53
74 88
57 0
38 34
8 17
64 94
65 64
50 33
36 28
54 98
48 23
73 17
54 29
79 15
9 71
88 61
52 35
91 24
64 38
10 46
50 73
13 83
89 34
92 57
65 89
68 50
90 67
71 39
36 27
39 62
22 82
97 19
61 13
26 17
46 84
47 78
51 11
41 97
24 39
9 72
47 63
87 84
34 64
35 82
77 30
25 72
6 26
89 43
18 25
75 72
96 51
3 74
43 35
8 31
68 57
53 70
71 28
36 2
97 20
80 44
44 66
48 5
46 95
12 27
69 70
51 16
2 1
52 49
56 52
55 4
23 63
81 92
25 81
32 45
13 69
31 47
35 40
38 87
60 32
43 24
11 51
85 24
29 69
33 2
14 28
44 57
48 60
15 7
73 4
19 64
94 89
76 55
24 53
52 56
35 64
3 43
23 52
81 85
64 11
31 20
89 53
75 70
38 78
57 28
43 17
99 76
63 82
33 27
72 42
71 18
54 78
93 33
78 64
44 48
56 83
94 64
81 61
87 99
52 7
77 9
60 71
28 56
84 77
67 15
53 32
18 2
57 37
40 43
39 77
65 37
85 42
68 22
72 81
71 11
53 81
1 75
93 58
80 17
61 17
47 98
12 0
86 27
76 37
24 3
98 22
42 85
27 30
49 13
35 78
3 25
59 84
60 94
23 74
32 50
89 7
78 35
43 15
29 80
33 21
36 38
93 51
80 8
78 82
9 28
48 33
69 58
34 12
17 76
19 87
42 92
98 17
30 96
0 51
20 62
60 85
25 45
28 14
70 90
43 4
8 34
48 73
85 60
33 46
16 34
73 87
36 45
58 30
22 8
79 73
37 10
20 86
24 17
6 97
66 65
55 97
38 27
25 54
8 90
85 84
31 8
71 97
78 45
65 8
48 64
29 34
12 94
68 3
33 39
90 48
73 88
2 68
58 25
41 39
97 66
61 60
12 45
88 70
34 30
15 96
20 93
94 60
77 92
98 35
81 25
62 5
67 90
13 10
87 7
77 45
23 81
8 65
82 56
84 97
32 71
71 94
40 7
21 43
4 21
26 38
48 71
46 29
12 85
90 59
72 77
54 45
66 32
12 36
86 39
51 67
34 25
76 73
59 3
98 58
49 41
30 85
70 60
0 24
74 51
82 51
63 23
50 8
70 79
53 13
71 87
1 63
57 74
95 93
78 63
26 33
46 36
11 66
16 23
22 29
61 78
47 15
86 62
88 84
51 72
34 16
91 33
20 99
76 64
77 78
5 76
98 53
30 92
13 60
87 21
70 55
35 19
0 31
74 58
55 76
31 86
65 98
28 18
33 89
58 67
43 96
26 40
65 19
90 13
54 63
19 11
36 65
37 93
5 36
79 45
44 1
27 91
26 91
88 91
34 43
17 33
59 17
25 97
6 77
23 15
45 30
13 53
96 26
95 50
25 18
99 55
14 44
71 69
1 9
57 84
58 74
75 14
95 67
80 83
43 89
26 51
65 20
46 54
12 66
90 20
19 16
62 86
9 42
83 47
47 29
30 63
86 72
69 0
52 72
17 26
55 45
23 4
6 68
62 33
87 43
70 33
74 44
82 28
32 99
53 24
1 2
57 93
58 85
26 58
83 71
54 9
19 25
76 30
27 41
66 4
86 67
69 9
17 19
91 52
56 18
59 47
10 50
67 63
32 11
49 85
18 50
92 45
3 81
64 65
1 27
21 72
22 78
43 87
44 95
29 24
69 97
61 82
9 84
87 72
52 94
34 52
91 13
59 36
42 20
64 41
45 9
67 36
50 84
13 32
70 19
35 15
95 41
43 63
82 14
65 78
89 64
71 48
39 11
80 56
68 92
94 98
98 97
79 1
9 93
10 85
88 55
15 83
76 99
59 61
45 2
84 35
50 79
35 52
3 95
43 52
82 9
65 71
64 95
85 12
68 52
14 8
1 21
97 25
80 63
47 64
51 5
16 97
15 43
73 16
2 12
79 14
47 49
30 27
17 6
91 27
0 90
6 32
64 39
31 56
89 33
38 90
3 68
96 61
4 94
64 86
65 88
63 38
72 54
36 4
21 99
7 80
47 73
69 92
73 25
54 21
2 7
24 40
10 71
47 62
88 5
34 65
52 43
20 28
3 60
77 29
25 79
6 27
81 90
67 27
13 75
89 42
74 75
43 34
63 47
65 81
29 75
85 30
68 58
61 5
26 25
7 73
46 92
15 57
93 95
35 90
55 7
96 92
59 64
77 22
25 80
6 18
82 99
23 62
13 68
35 43
92 8
38 84
21 4
11 50
89 92
97 44
26 96
48 61
12 19
69 78
76 48
41 82
42 96
81 59
56 60
3 42
25 89
6 21
53 38
92 7
4 75
60 56
8 14
63 93
11 43
29 93
33 26
2 97
78 65
44 49
86 1
37 30
98 28
52 0
0 38
74 21
25 34
82 85
28 57
67 14
32 60
53 47
18 3
92 30
21 22
4 50
60 55
43 9
8 53
65 36
11 32
71 10
36 56
93 57
48 43
69 48
17 74
20 65
41 92
98 23
81 53
27 17
49 12
0 61
55 18
3 24
77 1
23 69
6 7
25 43
84 85
14 71
53 40
21 31
78 32
43 14
8 60
63 67
11 89
29 47
85 50
16 44
53 89
97 55
61 41
79 67
9 3
69 57
34 13
20 72
76 93
27 22
49 5
0 52
74 7
77 58
25 44
99 21
45 81
28 15
50 28
1 43
40 26
95 97
78 43
43 7
63 72
48 74
90 54
36 46
1 68
41 61
97 72
78 90
83 13
86 42
69 34
41 78
24 18
5 80
62 3
66 94
13 16
87 9
91 74
0 11
38 24
3 6
77 51
23 91
50 23
32 65
31 11
14 81
71 96
1 44
21 33
78 50
7 18
29 33
11 87
68 12
72 71
36 85
2 69
80 7
61 59
12 46
88 71
17 61
37 50
20 94
77 91
24 25
81 24
74 9
25 62
82 57
33 78
89 25
57 64
26 39
7 11
29 58
33 63
16 17
1 86
93 29
22 27
97 90
5 49
9 54
47 1
88 78
37 59
77 84
5 66
87 31
70 61
91 88
92 74
74 48
63 22
28 20
53 12
4 29
33 48
54 37
97 83
44 11
27 69
88 85
86 63
69 29
17 47
42 49
45 36
84 1
35 18
0 16
38 13
95 52
33 88
14 42
71 79
1 55
57 82
58 64
75 8
21 60
65 18
46 44
12 68
16 15
36 66
19 10
22 21
97 84
61 70
9 32
30 53
69 6
51 80
56 5
94 22
77 70
81 3
70 47
38 4
3 98
95 61
72 20
53 30
71 68
1 8
75 1
58 75
39 31
4 3
83 65
16 6
2 41
41 2
61 95
88 35
69 15
52 73
59 41
6 69
45 22
10 8
49 83
13 45
18 56
55 93
38 63
95 58
60 8
25 26
28 97
18 75
57 92
39 20
4 10
78 17
80 75
26 59
44 97
54 14
22 39
61 88
79 50
27 40
9 82
66 5
47 37
30 39
86 64
69 8
56 19
67 62
50 90
13 38
32 12
92 46
43 57
53 96
58 93
21 87
43 86
68 86
51 54
15 36
76 22
22 62
79 59
61 81
27 33
30 46
52 95
15 85
56 26
59 39
6 55
49 77
50 85
74 95
95 40
64 89
14 6
72 9
71 51
36 23
1 19
39 10
22 49
27 38
10 82
52 38
34 76
24 74
10 37
84 44
74 70
40 74
60 21
43 55
8 19
99 82
28 78
68 53
90 70
1 20
39 3
22 89
44 78
7 90
83 93
54 19
93 76
27 63
9 69
86 85
91 26
55 48
3 54
24 81
81 96
13 81
18 28
92 59
57 15
95 30
99 91
82 1
63 33
28 69
11 7
65 95
89 81
36 5
79 97
48 0
76 3
34 94
35 84
3 63
42 14
25 78
81 89
28 45
84 50
89 41
70 5
74 72
75 74
96 53
3 76
60 43
8 1
28 92
85 29
53 68
36 12
93 45
39 49
61 4
7 72
16 80
15 56
19 61
52 51
35 93
34 89
0 41
55 6
42 9
81 82
64 54
6 19
28 36
84 57
32 47
31 41
38 85
4 77
60 34
99 73
65 41
63 87
11 53
85 38
29 67
16 56
22 98
44 59
69 77
56 78
37 20
19 66
94 95
27 2
52 58
34 80
56 61
60 74
84 64
31 22
92 0
39 86
8 15
65 34
63 92
28 82
85 47
68 41
72 44
53 86
71 12
93 63
97 36
48 53
51 96
17 80
73 51
9 97
20 42
3 18
59 81
6 13
32 61
18 0
57 43
60 48
29 85
33 18
90 37
48 44
12 2
16 69
17 73
15 23
73 52
41 67
42 83
81 52
62 22
27 16
60 88
6 4
14 68
70 97
53 55
57 44
21 30
4 58
78 33
43 1
29 46
85 49
71 2
1 66
41 59
44 32
34 10
15 28
73 61
76 94
94 48
41 68
5 86
81 45
62 25
45 63
98 47
52 23
77 57
99 20
82 68
85 73
50 29
14 79
70 88
89 14
53 48
40 27
95 96
48 75
29 39
85 58
68 6
73 85
22 14
80 1
97 79
83 12
66 44
12 48
88 65
86 43
17 59
73 38
41 77
42 69
49 61
0 12
91 77
55 99
38 25
3 9
25 52
8 92
82 63
45 73
85 82
32 66
50 20
78 51
48 66
29 32
11 86
68 13
33 37
16 27
41 37
69 42
15 98
73 47
94 34
59 12
5 88
10 21
30 80
82 54
85 91
33 77
14 89
70 74
71 88
75 29
38 99
4 23
26 36
46 35
33 62
5 48
79 89
26 87
61 51
9 53
86 37
34 23
91 42
37 58
81 16
67 69
49 47
13 1
40 97
63 17
33 70
14 32
70 77
53 11
18 95
1 61
75 18
21 50
78 61
46 42
29 50
33 55
90 0
73 72
54 58
26 94
69 28
51 74
52 68
0 98
59 26
42 62
31 80
70 53
35 21
74 56
63 30
65 96
50 1
14 43
70 68
58 65
39 97
4 5
26 54
12 69
51 34
16 0
36 67
54 61
2 47
22 42
98 91
44 3
83 40
66 48
30 58
69 5
17 39
56 6
37 44
94 23
77 69
23 9
45 28
10 14
84 9
67 51
31 89
18 62
92 89
38 5
99 57
82 35
63 7
72 21
90 99
75 0
39 30
4 12
78 15
29 4
68 97
58 59
41 1
22 45
62 84
83 49
66 11
47 31
86 78
17 24
15 70
94 30
42 32
6 58
62 39
10 9
30 76
31 70
87 37
38 60
96 19
95 37
64 76
28 98
11 26
72 28
71 60
57 99
95 74
78 22
26 56
83 73
73 99
19 27
2 33
61 87
62 95
79 61
86 65
34 59
15 79
52 81
91 54
84 31
32 13
50 91
38 55
96 42
95 34
11 19
71 53
58 90
22 76
78 25
80 67
29 22
11 96
51 57
22 63
61 80
47 45
88 50
52 88
34 50
56 27
20 1
59 38
24 68
84 38
70 17
74 92
99 44
63 50
50 37
89 70
14 7
75 55
39 5
97 6
43 78
44 80
7 92
83 87
48 19
46 73
54 25
19 41
22 54
79 3
86 83
91 4
0 69
20 8
59 63
24 75
42 29
64 34
10 34
84 45
74 71
3 65
99 85
8 20
63 59
64 81
11 1
85 10
89 79
36 31
22 94
83 92
76 5
61 98
88 0
0 92
3 57
77 98
42 4
23 42
59 52
64 57
10 45
50 68
74 78
92 52
95 25
99 90
14 17
89 80
71 32
90 78
39 59
97 16
21 97
22 81
26 28
47 75
12 31
94 82
24 42
79 17
9 77
10 69
27 55
34 95
20 30
3 62
96 71
64 48
84 51
67 29
18 20
92 51
75 77
40 57
3 79
95 6
60 36
43 36
85 28
33 14
14 24
72 63
97 41
69 67
16 81
15 59
73 0
76 59
27 12
66 97
52 60
55 1
20 37
3 39
6 16
64 55
28 37
84 58
67 2
31 40
39 88
8 9
63 86
28 84
65 40
85 37
33 7
72 38
93 37
39 41
7 64
51 26
69 76
37 19
41 80
24 56
98 3
49 16
52 59
3 44
96 85
23 49
25 95
64 14
28 60
49 97
32 39
31 17
89 58
18 6
57 33
21 11
7 40
63 95
65 33
16 48
36 51
39 38
80 29
9 23
48 54
12 4
16 79
73 50
37 28
94 71
41 89
98 26
81 50
49 9
77 6
59 80
81 67
45 93
32 62
53 45
74 98
38 68
39 78
4 60
40 46
43 11
60 49
7 33
65 58
48 94
33 17
16 55
90 34
36 58
93 55
41 49
79 68
83 1
48 45
86 30
73 59
37 5
62 23
27 19
13 28
34 99
92 96
20 50
77 63
64 28
28 50
84 87
32 53
57 51
40 21
39 71
21 29
78 38
63 77
11 91
68 24
33 42
73 83
54 95
61 39
9 1
86 17
42 91
81 44
62 30
49 59
67 81
25 50
99 23
64 19
45 79
28 9
85 72
50 26
31 12
70 89
1 41
95 99
78 41
48 76
29 38
33 35
16 37
72 66
93 9
58 29
41 35
78 88
61 32
44 24
9 10
83 15
12 49
17 58
19 97
94 56
81 37
45 55
67 86
49 60
87 11
3 8
77 49
23 85
85 81
50 21
89 22
68 14
16 28
72 73
73 93
36 87
1 83
2 67
58 36
97 71
44 23
9 51
83 20
66 36
88 73
34 29
73 46
37 48
94 35
59 15
77 89
6 95
45 48
66 87
67 95
92 77
38 17
45 65
33 76
14 94
70 75
71 91
89 31
57 70
21 40
11 78
12 80
16 19
90 6
1 84
22 25
98 70
44 14
83 29
86 58
37 57
81 23
92 68
38 8
96 15
25 5
8 75
85 99
14 33
53 10
71 80
95 94
78 2
26 44
7 2
65 31
11 71
29 49
73 79
36 69
37 81
93 20
58 54
98 65
5 56
30 48
51 77
69 27
17 45
77 75
98 48
6 73
62 58
45 34
10 4
84 3
49 39
31 83
87 22
0 18
74 57
96 6
95 54
23 96
82 41
70 69
95 71
78 5
4 6
90 8
36 76
37 90
19 12
41 31
9 38
47 17
86 52
51 82
34 38
17 38
94 20
6 64
10 15
31 88
55 70
95 63
14 51
90 96
72 22
75 3
29 3
68 98
51 42
36 75
19 21
41 0
97 99
61 93
30 34
69 13
34 33
17 31
56 14
42 33
62 36
49 81
30 77
13 43
31 65
87 36
92 81
25 24
14 58
71 63
75 56
39 22
44 99
19 26
37 76
76 25
27 42
30 37
17 16
15 78
23 30
62 47
45 13
84 24
32 14
50 88
87 61
70 31
38 52
96 43
40 94
99 38
63 52
1 24
58 91
22 77
48 29
29 21
51 56
19 35
2 57
83 62
34 51
15 87
56 28
55 60
20 2
94 9
24 69
6 53
67 41
32 5
87 58
74 93
57 3
43 48
63 61
85 0
50 34
89 69
1 17
75 54
58 98
21 94
97 5
80 59
22 68
44 81
26 11
83 86
15 47
36 96
2 48
62 78
27 56
47 53
30 23
88 58
87 66
0 70
55 53
20 9
59 62
42 26
23 44
6 44
64 35
10 35
84 46
67 46
18 35
28 72
11 0
85 9
89 78
75 47
39 61
43 70
44 72
83 95
68 70
51 6
73 21
93 74
76 6
34 69
35 81
52 47
55 50
96 65
77 97
6 39
64 58
70 0
96 48
99 93
65 93
28 71
14 22
90 79
75 36
80 41
48 2
46 88
69 89
15 61
73 30
19 54
24 43
79 16
9 76
47 59
30 1
86 98
87 80
88 8
55 11
20 31
3 33
59 76
42 12
23 34
25 76
6 30
24 90
84 60
32 42
13 72
3 78
8 3
7 53
65 86
89 88
36 14
93 43
97 40
61 2
44 62
7 74
47 83
51 20
16 82
73 7
79 25
20 38
96 95
23 59
6 17
64 8
82 94
84 59
89 48
35 44
21 1
8 10
63 81
28 85
11 55
85 36
90 81
54 75
58 6
80 39
44 53
16 73
17 93
56 80
2 20
76 51
98 0
49 23
91 99
55 25
59 90
23 48
31 16
53 35
18 7
21 10
39 80
43 21
7 43
65 32
11 44
16 49
71 14
36 60
93 61
39 33
80 30
48 55
47 97
15 8
17 86
24 0
42 86
81 49
88 29
0 57
74 16
3 20
6 3
64 6
45 92
82 80
14 67
53 44
74 99
21 19
4 61
60 50
43 10
7 32
63 71
48 95
29 83
11 37
33 16
72 85
53 93
36 59
1 79
90 35
79 71
86 31
17 79
56 94
76 33
41 65
42 81
98 18
81 42
62 20
27 18
49 1
52 10
0 48
20 51
3 29
60 90
8 80
64 29
